0	6	3	1
1	6	3	1
2	6	3	1
3	6	3	1
4	6	3	1
5	6	3	1
6	6	3	1
7	6	3	1
8	6	3	1
9	6	3	1
10	6	3	1
11	6	3	1
12	6	3	1
13	6	3	1
14	6	3	1
15	6	3	1
16	6	3	1
17	6	3	1
18	6	3	1
19	6	3	1
20	6	3	1
21	6	3	1
22	6	3	1
23	6	3	1
24	6	3	1
25	6	3	1
26	6	3	1
27	6	3	1
28	6	3	1
29	6	3	1
30	6	3	1
31	6	3	1
32	6	3	1
33	6	3	1
34	6	3	1
35	6	3	1
36	6	3	1
37	6	3	1
38	6	3	1
39	6	3	1
40	6	3	1
41	6	3	1
42	6	3	1
43	6	3	1
44	6	3	1
45	6	3	1
46	6	3	1
47	6	3	1
48	6	3	1
49	6	3	1
50	6	3	1
51	6	3	1
52	6	3	1
53	6	3	1
54	6	3	1
55	6	3	1
56	6	3	1
57	6	3	1
58	6	3	1
59	6	3	1
60	6	3	1
61	6	3	1
62	6	3	1
63	6	3	1
64	6	3	1
65	6	3	1
66	6	3	1
67	6	3	1
68	6	3	1
69	6	3	1
70	6	3	1
71	6	3	1
72	6	3	1
73	6	3	1
74	6	3	1
75	6	3	1
76	6	3	1
77	6	3	1
78	6	3	1
79	6	3	1
80	6	3	1
81	6	3	1
82	6	3	1
83	6	3	1
84	6	3	1
85	6	3	1
86	6	3	1
87	6	3	1
88	6	3	1
89	6	3	1
90	6	3	1
91	6	3	1
92	6	3	1
93	6	3	1
94	6	3	1
95	6	3	1
96	6	3	1
97	6	3	1
98	6	3	1
99	6	3	1
100	6	3	1
101	6	3	1
102	6	3	1
103	6	3	1
104	6	3	1
105	6	3	1
106	6	3	1
107	6	3	1
108	6	3	1
109	6	3	1
110	6	3	1
111	6	3	1
112	6	3	1
113	6	3	1
114	6	3	1
115	6	3	1
116	6	3	1
117	6	3	1
118	6	3	1
119	6	3	1
120	6	3	1
121	6	3	1
122	6	3	1
123	6	3	1
124	6	3	1
125	6	3	1
126	6	3	1
127	6	3	1
128	6	3	1
129	6	3	1
130	6	3	1
131	6	3	1
132	6	3	1
133	6	3	1
134	6	3	1
135	6	3	1
136	6	3	1
137	6	3	1
138	6	3	1
139	6	3	1
140	6	3	1
141	6	3	1
142	6	3	1
143	6	3	1
144	6	3	1
145	6	3	1
146	6	3	1
147	6	3	1
148	6	3	1
149	6	3	1
150	6	3	1
151	6	3	1
152	6	3	1
153	6	3	1
154	6	3	1
155	6	3	1
156	6	3	1
157	6	3	1
158	6	3	1
159	6	3	1
160	6	3	1
161	6	3	1
162	6	3	1
163	6	3	1
164	6	3	1
165	6	3	1
166	6	3	1
167	6	3	1
168	6	3	1
169	6	3	1
170	6	3	1
171	6	3	1
172	6	3	1
173	6	3	1
174	6	3	1
175	6	3	1
176	6	3	1
177	6	3	1
178	6	3	1
179	6	3	1
180	6	3	1
181	6	3	1
182	6	3	1
183	6	3	1
184	6	3	1
185	6	3	1
186	6	3	1
187	6	3	1
188	6	3	1
189	6	3	1
190	6	3	1
191	6	3	1
192	6	3	1
193	6	3	1
194	6	3	1
195	6	3	1
196	6	3	1
197	6	3	1
198	6	3	1
199	6	3	1
200	6	3	1
201	6	3	1
202	6	3	1
203	6	3	1
204	6	3	1
205	6	3	1
206	6	3	1
207	6	3	1
208	6	3	1
209	6	3	1
210	6	3	1
211	6	3	1
212	6	3	1
213	6	3	1
214	6	3	1
215	6	3	1
216	6	3	1
217	6	3	1
218	6	3	1
219	6	3	1
220	6	3	1
221	6	3	1
222	6	3	1
223	6	3	1
224	6	3	1
225	6	3	1
226	6	3	1
227	6	3	1
228	0	0	0
229	0	0	0
230	0	0	0
231	0	0	0
232	0	0	0
233	0	0	0
234	0	0	0
235	0	0	0
236	0	0	0
237	0	0	0
238	0	0	0
239	0	0	0
240	0	0	0
241	0	0	0
242	0	0	0
243	0	0	0
244	0	0	0
245	0	0	0
246	0	0	0
247	0	0	0
248	0	0	0
249	0	0	0
250	0	0	0
251	0	0	0
252	0	0	0
253	0	0	0
254	0	0	0
255	0	0	0
256	0	0	0
257	0	0	0
258	0	0	0
259	0	0	0
260	0	0	0
261	0	0	0
262	0	0	0
263	0	0	0
264	0	0	0
265	0	0	0
266	0	0	0
267	0	0	0
268	0	0	0
269	0	0	0
270	0	0	0
271	0	0	0
272	0	0	0
273	0	0	0
274	0	0	0
275	0	0	0
276	0	0	0
277	0	0	0
278	0	0	0
279	0	0	0
280	0	0	0
281	0	0	0
282	0	0	0
283	0	0	0
284	0	0	0
285	0	0	0
286	0	0	0
287	0	0	0
288	0	0	0
289	0	0	0
290	0	0	0
291	0	0	0
292	0	0	0
293	0	0	0
294	0	0	0
295	0	0	0
296	0	0	0
297	0	0	0
298	0	0	0
299	0	0	0
300	0	0	0
301	0	0	0
302	0	0	0
303	0	0	0
304	0	0	0
305	0	0	0
306	0	0	0
307	0	0	0
308	0	0	0
309	0	0	0
310	0	0	0
311	0	0	0
312	0	0	0
313	0	0	0
314	0	0	0
315	0	0	0
316	0	0	0
317	9	0	0
318	0	0	0
319	0	0	0
320	0	0	0
321	0	0	0
322	0	0	0
323	0	0	0
324	0	0	0
325	0	0	0
326	0	0	0
327	0	0	0
328	0	0	0
329	0	0	0
330	0	0	0
331	10	0	0
332	0	0	0
333	0	0	0
334	0	0	0
335	0	0	0
336	0	0	0
337	0	0	0
338	0	0	0
339	0	0	0
340	0	0	0
341	0	0	0
342	0	0	0
343	0	0	0
344	0	0	0
345	0	0	0
346	0	0	0
347	0	0	0
348	0	0	0
349	0	0	0
350	0	0	0
351	0	0	0
352	0	0	0
353	0	0	0
354	0	0	0
355	0	0	0
356	0	0	0
357	0	0	0
358	0	0	0
359	0	0	0
360	0	0	0
361	9	0	0
362	0	0	0
363	0	0	0
364	0	0	0
365	0	0	0
366	0	0	0
367	0	0	0
368	0	0	0
369	0	0	0
370	0	0	0
371	0	0	0
372	9	0	0
373	0	0	0
374	0	0	0
375	0	0	0
376	0	0	0
377	0	0	0
378	10	0	0
379	0	0	0
380	0	0	0
381	0	0	0
382	0	0	0
383	0	0	0
384	0	0	0
385	0	0	0
386	0	0	0
387	0	0	0
388	0	0	0
389	0	0	0
390	0	0	0
391	0	0	0
392	0	0	0
393	0	0	0
394	0	0	0
395	0	0	0
396	0	0	0
397	9	0	0
398	0	0	0
399	0	0	0
400	0	0	0
401	0	0	0
402	0	0	0
403	0	0	0
404	0	0	0
405	0	0	0
406	0	0	0
407	0	0	0
408	0	0	0
409	0	0	0
410	0	0	0
411	0	0	0
412	0	0	0
413	0	0	0
414	0	0	0
415	0	0	0
416	0	0	0
417	0	0	0
418	0	0	0
419	0	0	0
420	0	0	0
421	9	0	0
422	0	0	0
423	0	0	0
424	0	0	0
425	0	0	0
426	0	0	0
427	0	0	0
428	0	0	0
429	0	0	0
430	0	0	0
431	0	0	0
432	0	0	0
433	0	0	0
434	0	0	0
435	0	0	0
436	11	0	0
437	0	0	0
438	11	0	0
439	0	0	0
440	0	0	0
441	0	0	0
442	0	0	0
443	0	0	0
444	0	0	0
445	0	0	0
446	9	0	0
447	11	0	0
448	0	0	0
449	0	0	0
450	0	0	0
451	0	0	0
452	0	0	0
453	0	0	0
454	0	0	0
455	0	0	0
456	0	0	0
457	0	0	0
458	0	0	0
459	0	0	0
460	0	0	0
461	9	0	0
462	0	0	0
463	0	0	0
464	0	0	0
465	10	0	0
466	0	0	0
467	0	0	0
468	0	0	0
469	0	0	0
470	0	0	0
471	0	0	0
472	0	0	0
473	0	0	0
474	0	0	0
475	0	0	0
476	0	0	0
477	0	0	0
478	0	0	0
479	0	0	0
480	0	0	0
481	0	0	0
482	0	0	0
483	0	0	0
484	0	0	0
485	0	0	0
486	0	0	0
487	0	0	0
488	0	0	0
489	0	0	0
490	0	0	0
491	0	0	0
492	0	0	0
493	0	0	0
494	0	0	0
495	0	0	0
496	9	0	0
497	11	0	0
498	0	0	0
499	0	0	0
500	0	0	0
501	0	0	0
502	0	0	0
503	0	0	0
504	0	0	0
505	0	0	0
506	0	0	0
507	0	0	0
508	0	0	0
509	0	0	0
510	0	0	0
511	0	0	0
512	0	0	0
513	0	0	0
514	0	0	0
515	0	0	0
516	0	0	0
517	0	0	0
518	0	0	0
519	0	0	0
520	0	0	0
521	0	0	0
522	0	0	0
523	0	0	0
524	0	0	0
525	0	0	0
526	0	0	0
527	0	0	0
528	0	0	0
529	0	0	0
530	0	0	0
531	0	0	0
532	0	0	0
533	0	0	0
534	0	0	0
535	0	0	0
536	0	0	0
537	0	0	0
538	0	0	0
539	0	0	0
540	0	0	0
541	0	0	0
542	0	0	0
543	0	0	0
544	0	0	0
545	0	0	0
546	9	0	0
547	0	0	0
548	0	0	0
549	0	0	0
550	0	0	0
551	0	0	0
552	0	0	0
553	0	0	0
554	0	0	0
555	0	0	0
556	11	0	0
557	0	0	0
558	0	0	0
559	0	0	0
560	0	0	0
561	0	0	0
562	0	0	0
563	0	0	0
564	0	0	0
565	9	0	0
566	0	0	0
567	0	0	0
568	0	0	0
569	0	0	0
570	0	0	0
571	0	0	0
572	0	0	0
573	0	0	0
574	0	0	0
575	0	0	0
576	0	0	0
577	0	0	0
578	0	0	0
579	0	0	0
580	0	0	0
581	0	0	0
582	0	0	0
583	0	0	0
584	10	0	0
585	10	0	0
586	0	0	0
587	0	0	0
588	0	0	0
589	0	0	0
590	0	0	0
591	0	0	0
592	0	0	0
593	0	0	0
594	9	0	0
595	0	0	0
596	0	0	0
597	0	0	0
598	0	0	0
599	0	0	0
600	0	0	0
601	0	0	0
602	0	0	0
603	0	0	0
604	0	0	0
605	0	0	0
606	0	0	0
607	0	0	0
608	0	0	0
609	0	0	0
610	0	0	0
611	0	0	0
612	0	0	0
613	0	0	0
614	0	0	0
615	0	0	0
616	9	0	0
617	0	0	0
618	0	0	0
619	0	0	0
620	0	0	0
621	10	0	0
622	0	0	0
623	0	0	0
624	0	0	0
625	0	0	0
626	0	0	0
627	0	0	0
628	0	0	0
629	0	0	0
630	0	0	0
631	0	0	0
632	0	0	0
633	0	0	0
634	0	0	0
635	0	0	0
636	0	0	0
637	0	0	0
638	0	0	0
639	0	0	0
640	0	0	0
641	0	0	0
642	0	0	0
643	0	0	0
644	0	0	0
645	0	0	0
646	0	0	0
647	10	0	0
648	0	0	0
649	0	0	0
650	0	0	0
651	0	0	0
652	0	0	0
653	0	0	0
654	0	0	0
655	0	0	0
656	0	0	0
657	0	0	0
658	0	0	0
659	0	0	0
660	0	0	0
661	0	0	0
662	0	0	0
663	0	0	0
664	0	0	0
665	0	0	0
666	0	0	0
667	11	0	0
668	0	0	0
669	0	0	0
670	0	0	0
671	0	0	0
672	0	0	0
673	0	0	0
674	0	0	0
675	0	0	0
676	0	0	0
677	0	0	0
678	0	0	0
679	0	0	0
680	0	0	0
681	0	0	0
682	9	0	0
683	0	0	0
684	0	0	0
685	0	0	0
686	0	0	0
687	0	0	0
688	0	0	0
689	0	0	0
690	0	0	0
691	0	0	0
692	0	0	0
693	0	0	0
694	0	0	0
695	0	0	0
696	0	0	0
697	0	0	0
698	0	0	0
699	0	0	0
700	0	0	0
701	0	0	0
702	0	0	0
703	0	0	0
704	0	0	0
705	0	0	0
706	0	0	0
707	0	0	0
708	0	0	0
709	0	0	0
710	0	0	0
711	0	0	0
712	0	0	0
713	0	0	0
714	0	0	0
715	0	0	0
716	0	0	0
717	0	0	0
718	0	0	0
719	0	0	0
720	0	0	0
721	0	0	0
722	0	0	0
723	0	0	0
724	0	0	0
725	0	0	0
726	0	0	0
727	0	0	0
728	10	0	0
729	0	0	0
730	0	0	0
731	0	0	0
732	0	0	0
733	0	0	0
734	0	0	0
735	0	0	0
736	0	0	0
737	9	0	0
738	0	0	0
739	11	0	0
740	0	0	0
741	0	0	0
742	11	0	0
743	10	0	0
744	0	0	0
745	0	0	0
746	0	0	0
747	0	0	0
748	0	0	0
749	0	0	0
750	0	0	0
751	0	0	0
752	0	0	0
753	0	0	0
754	0	0	0
755	0	0	0
756	0	0	0
757	0	0	0
758	0	0	0
759	0	0	0
760	0	0	0
761	0	0	0
762	0	0	0
763	0	0	0
764	0	0	0
765	0	0	0
766	0	0	0
767	0	0	0
768	0	0	0
769	0	0	0
770	0	0	0
771	10	0	0
772	0	0	0
773	9	0	0
774	0	0	0
775	0	0	0
776	11	0	0
777	0	0	0
778	11	0	0
779	0	0	0
780	0	0	0
781	0	0	0
782	0	0	0
783	0	0	0
784	0	0	0
785	0	0	0
786	10	0	0
787	0	0	0
788	0	0	0
789	0	0	0
790	0	0	0
791	0	0	0
792	0	0	0
793	10	0	0
794	0	0	0
795	0	0	0
796	0	0	0
797	0	0	0
798	0	0	0
799	0	0	0
800	10	0	0
801	0	0	0
802	0	0	0
803	10	0	0
804	0	0	0
805	0	0	0
806	0	0	0
807	0	0	0
808	0	0	0
809	0	0	0
810	0	0	0
811	0	0	0
812	0	0	0
813	0	0	0
814	0	0	0
815	0	0	0
816	0	0	0
817	0	0	0
818	10	0	0
819	0	0	0
820	0	0	0
821	0	0	0
822	11	0	0
823	0	0	0
824	0	0	0
825	0	0	0
826	0	0	0
827	0	0	0
828	0	0	0
829	0	0	0
830	0	0	0
831	0	0	0
832	0	0	0
833	0	0	0
834	0	0	0
835	0	0	0
836	10	0	0
837	0	0	0
838	0	0	0
839	0	0	0
840	9	0	0
841	0	0	0
842	0	0	0
843	0	0	0
844	0	0	0
845	0	0	0
846	0	0	0
847	0	0	0
848	0	0	0
849	0	0	0
850	0	0	0
851	0	0	0
852	9	0	0
853	0	0	0
854	0	0	0
855	0	0	0
856	0	0	0
857	0	0	0
858	0	0	0
859	0	0	0
860	0	0	0
861	0	0	0
862	0	0	0
863	0	0	0
864	0	0	0
865	0	0	0
866	0	0	0
867	0	0	0
868	0	0	0
869	0	0	0
870	0	0	0
871	0	0	0
872	0	0	0
873	0	0	0
874	0	0	0
875	10	0	0
876	0	0	0
877	0	0	0
878	0	0	0
879	0	0	0
880	0	0	0
881	0	0	0
882	0	0	0
883	0	0	0
884	0	0	0
885	0	0	0
886	0	0	0
887	0	0	0
888	0	0	0
889	0	0	0
890	0	0	0
891	0	0	0
892	9	0	0
893	0	0	0
894	0	0	0
895	0	0	0
896	11	0	0
897	0	0	0
898	0	0	0
899	9	0	0
900	0	0	0
901	0	0	0
902	0	0	0
903	0	0	0
904	0	0	0
905	0	0	0
906	9	0	0
907	0	0	0
908	0	0	0
909	0	0	0
910	0	0	0
911	0	0	0
912	0	0	0
913	0	0	0
914	9	0	0
915	0	0	0
916	0	0	0
917	0	0	0
918	0	0	0
919	0	0	0
920	0	0	0
921	0	0	0
922	0	0	0
923	0	0	0
924	0	0	0
925	0	0	0
926	9	0	0
927	0	0	0
928	0	0	0
929	0	0	0
930	11	0	0
931	0	0	0
932	0	0	0
933	0	0	0
934	0	0	0
935	0	0	0
936	0	0	0
937	0	0	0
938	0	0	0
939	0	0	0
940	0	0	0
941	0	0	0
942	0	0	0
943	0	0	0
944	0	0	0
945	0	0	0
946	0	0	0
947	9	0	0
948	0	0	0
949	0	0	0
950	0	0	0
951	0	0	0
952	10	0	0
953	0	0	0
954	9	0	0
955	10	0	0
956	0	0	0
957	0	0	0
958	0	0	0
959	0	0	0
960	0	0	0
961	0	0	0
962	0	0	0
963	0	0	0
964	0	0	0
965	0	0	0
966	0	0	0
967	0	0	0
968	0	0	0
969	0	0	0
970	9	0	0
971	0	0	0
972	0	0	0
973	0	0	0
974	0	0	0
975	10	0	0
976	0	0	0
977	10	0	0
978	9	0	0
979	0	0	0
980	0	0	0
981	0	0	0
982	0	0	0
983	9	0	0
984	0	0	0
985	0	0	0
986	0	0	0
987	0	0	0
988	0	0	0
989	0	0	0
990	0	0	0
991	0	0	0
992	11	0	0
993	0	0	0
994	0	0	0
995	0	0	0
996	0	0	0
997	10	0	0
998	0	0	0
999	0	0	0
1000	0	0	0
1001	0	0	0
1002	0	0	0
1003	0	0	0
1004	0	0	0
1005	0	0	0
1006	9	0	0
1007	0	0	0
1008	0	0	0
1009	0	0	0
1010	0	0	0
1011	0	0	0
1012	0	0	0
1013	0	0	0
1014	0	0	0
1015	0	0	0
1016	0	0	0
1017	0	0	0
1018	0	0	0
1019	0	0	0
1020	0	0	0
1021	0	0	0
1022	0	0	0
1023	0	0	0
1024	0	0	0
1025	0	0	0
1026	0	0	0
1027	0	0	0
1028	0	0	0
1029	0	0	0
1030	0	0	0
1031	0	0	0
1032	0	0	0
1033	0	0	0
1034	0	0	0
1035	0	0	0
1036	0	0	0
1037	0	0	0
1038	0	0	0
1039	0	0	0
1040	0	0	0
1041	0	0	0
1042	10	0	0
1043	0	0	0
1044	0	0	0
1045	0	0	0
1046	0	0	0
1047	0	0	0
1048	10	0	0
1049	0	0	0
1050	0	0	0
1051	0	0	0
1052	0	0	0
1053	0	0	0
1054	0	0	0
1055	0	0	0
1056	0	0	0
1057	0	0	0
1058	0	0	0
1059	0	0	0
1060	0	0	0
1061	0	0	0
1062	0	0	0
1063	0	0	0
1064	9	0	0
1065	0	0	0
1066	10	0	0
1067	0	0	0
1068	0	0	0
1069	10	0	0
1070	0	0	0
1071	11	0	0
1072	0	0	0
1073	0	0	0
1074	0	0	0
1075	0	0	0
1076	0	0	0
1077	0	0	0
1078	9	0	0
1079	0	0	0
1080	0	0	0
1081	0	0	0
1082	0	0	0
1083	0	0	0
1084	0	0	0
1085	0	0	0
1086	0	0	0
1087	0	0	0
1088	0	0	0
1089	0	0	0
1090	9	0	0
1091	0	0	0
1092	0	0	0
1093	0	0	0
1094	0	0	0
1095	10	0	0
1096	0	0	0
1097	0	0	0
1098	0	0	0
1099	11	0	0
1100	0	0	0
1101	0	0	0
1102	11	0	0
1103	0	0	0
1104	0	0	0
1105	0	0	0
1106	10	0	0
1107	0	0	0
1108	0	0	0
1109	10	0	0
1110	0	0	0
1111	0	0	0
1112	0	0	0
1113	0	0	0
1114	0	0	0
1115	0	0	0
1116	0	0	0
1117	0	0	0
1118	0	0	0
1119	0	0	0
1120	0	0	0
1121	0	0	0
1122	0	0	0
1123	0	0	0
1124	0	0	0
1125	0	0	0
1126	0	0	0
1127	0	0	0
1128	0	0	0
1129	0	0	0
1130	0	0	0
1131	0	0	0
1132	0	0	0
1133	9	0	0
1134	0	0	0
1135	0	0	0
1136	0	0	0
1137	0	0	0
1138	0	0	0
1139	0	0	0
1140	0	0	0
1141	0	0	0
1142	0	0	0
1143	0	0	0
1144	0	0	0
1145	10	0	0
1146	9	0	0
1147	0	0	0
1148	10	0	0
1149	0	0	0
1150	0	0	0
1151	0	0	0
1152	0	0	0
1153	0	0	0
1154	0	0	0
1155	10	0	0
1156	10	0	0
1157	0	0	0
1158	9	0	0
1159	0	0	0
1160	0	0	0
1161	0	0	0
1162	0	0	0
1163	0	0	0
1164	0	0	0
1165	9	0	0
1166	0	0	0
1167	0	0	0
1168	0	0	0
1169	0	0	0
1170	0	0	0
1171	0	0	0
1172	10	0	0
1173	0	0	0
1174	0	0	0
1175	0	0	0
1176	0	0	0
1177	0	0	0
1178	0	0	0
1179	0	0	0
1180	0	0	0
1181	0	0	0
1182	0	0	0
1183	0	0	0
1184	0	0	0
1185	0	0	0
1186	11	0	0
1187	3	2	0
1188	0	0	0
1189	0	0	0
1190	0	0	0
1191	0	0	0
1192	0	0	0
1193	11	0	0
1194	0	0	0
1195	9	0	0
1196	10	0	0
1197	0	0	0
1198	11	0	0
1199	0	0	0
1200	0	0	0
1201	0	0	0
1202	0	0	0
1203	0	0	0
1204	0	0	0
1205	0	0	0
1206	9	0	0
1207	0	0	0
1208	0	0	0
1209	9	0	0
1210	0	0	0
1211	0	0	0
1212	0	0	0
1213	0	0	0
1214	0	0	0
1215	0	0	0
1216	0	0	0
1217	0	0	0
1218	0	0	0
1219	0	0	0
1220	0	0	0
1221	0	0	0
1222	0	0	0
1223	0	0	0
1224	0	0	0
1225	0	0	0
1226	0	0	0
1227	0	0	0
1228	0	0	0
1229	0	0	0
1230	9	0	0
1231	9	0	0
1232	0	0	0
1233	0	0	0
1234	0	0	0
1235	0	0	0
1236	0	0	0
1237	0	0	0
1238	0	0	0
1239	0	0	0
1240	0	0	0
1241	0	0	0
1242	0	0	0
1243	0	0	0
1244	11	0	0
1245	0	0	0
1246	0	0	0
1247	0	0	0
1248	0	0	0
1249	10	0	0
1250	0	0	0
1251	0	0	0
1252	10	0	0
1253	0	0	0
1254	0	0	0
1255	0	0	0
1256	0	0	0
1257	0	0	0
1258	0	0	0
1259	0	0	0
1260	0	0	0
1261	0	0	0
1262	11	0	0
1263	0	0	0
1264	0	0	0
1265	10	0	0
1266	0	0	0
1267	0	0	0
1268	0	0	0
1269	0	0	0
1270	9	0	0
1271	0	0	0
1272	0	0	0
1273	0	0	0
1274	10	0	0
1275	0	0	0
1276	0	0	0
1277	0	0	0
1278	0	0	0
1279	0	0	0
1280	0	0	0
1281	0	0	0
1282	0	0	0
1283	0	0	0
1284	9	0	0
1285	0	0	0
1286	0	0	0
1287	0	0	0
1288	0	0	0
1289	0	0	0
1290	0	0	0
1291	0	0	0
1292	0	0	0
1293	0	0	0
1294	0	0	0
1295	0	0	0
1296	0	0	0
1297	0	0	0
1298	0	0	0
1299	0	0	0
1300	0	0	0
1301	11	0	0
1302	9	0	0
1303	10	0	0
1304	0	0	0
1305	0	0	0
1306	0	0	0
1307	0	0	0
1308	0	0	0
1309	0	0	0
1310	10	0	0
1311	0	0	0
1312	11	0	0
1313	0	0	0
1314	0	0	0
1315	0	0	0
1316	0	0	0
1317	0	0	0
1318	0	0	0
1319	0	0	0
1320	0	0	0
1321	0	0	0
1322	9	0	0
1323	0	0	0
1324	0	0	0
1325	0	0	0
1326	10	0	0
1327	0	0	0
1328	0	0	0
1329	0	0	0
1330	10	0	0
1331	9	0	0
1332	0	0	0
1333	0	0	0
1334	0	0	0
1335	0	0	0
1336	0	0	0
1337	0	0	0
1338	0	0	0
1339	0	0	0
1340	0	0	0
1341	0	0	0
1342	0	0	0
1343	10	0	0
1344	0	0	0
1345	0	0	0
1346	0	0	0
1347	0	0	0
1348	0	0	0
1349	0	0	0
1350	0	0	0
1351	0	0	0
1352	0	0	0
1353	0	0	0
1354	0	0	0
1355	0	0	0
1356	0	0	0
1357	0	0	0
1358	0	0	0
1359	0	0	0
1360	0	0	0
1361	0	0	0
1362	0	0	0
1363	0	0	0
1364	10	0	0
1365	10	0	0
1366	0	0	0
1367	0	0	0
1368	0	0	0
1369	0	0	0
1370	0	0	0
1371	0	0	0
1372	0	0	0
1373	0	0	0
1374	0	0	0
1375	0	0	0
1376	0	0	0
1377	0	0	0
1378	0	0	0
1379	0	0	0
1380	0	0	0
1381	0	0	0
1382	9	0	0
1383	0	0	0
1384	0	0	0
1385	10	0	0
1386	0	0	0
1387	0	0	0
1388	9	0	0
1389	0	0	0
1390	0	0	0
1391	9	0	0
1392	0	0	0
1393	0	0	0
1394	0	0	0
1395	0	0	0
1396	0	0	0
1397	0	0	0
1398	0	0	0
1399	0	0	0
1400	0	0	0
1401	0	0	0
1402	10	0	0
1403	0	0	0
1404	0	0	0
1405	10	0	0
1406	0	0	0
1407	0	0	0
1408	0	0	0
1409	0	0	0
1410	0	0	0
1411	11	0	0
1412	0	0	0
1413	0	0	0
1414	0	0	0
1415	0	0	0
1416	0	0	0
1417	9	0	0
1418	0	0	0
1419	0	0	0
1420	0	0	0
1421	0	0	0
1422	0	0	0
1423	0	0	0
1424	0	0	0
1425	0	0	0
1426	10	0	0
1427	10	0	0
1428	0	0	0
1429	0	0	0
1430	10	0	0
1431	0	0	0
1432	0	0	0
1433	0	0	0
1434	9	0	0
1435	0	0	0
1436	0	0	0
1437	0	0	0
1438	11	0	0
1439	0	0	0
1440	9	0	0
1441	0	0	0
1442	0	0	0
1443	0	0	0
1444	0	0	0
1445	0	0	0
1446	0	0	0
1447	0	0	0
1448	9	0	0
1449	0	0	0
1450	0	0	0
1451	0	0	0
1452	0	0	0
1453	0	0	0
1454	0	0	0
1455	0	0	0
1456	0	0	0
1457	0	0	0
1458	0	0	0
1459	0	0	0
1460	0	0	0
1461	0	0	0
1462	0	0	0
1463	0	0	0
1464	0	0	0
1465	0	0	0
1466	0	0	0
1467	0	0	0
1468	9	0	0
1469	0	0	0
1470	10	0	0
1471	0	0	0
1472	9	0	0
1473	10	0	0
1474	10	0	0
1475	0	0	0
1476	0	0	0
1477	0	0	0
1478	0	0	0
1479	0	0	0
1480	0	0	0
1481	0	0	0
1482	0	0	0
1483	0	0	0
1484	0	0	0
1485	11	0	0
1486	0	0	0
1487	11	0	0
1488	0	0	0
1489	0	0	0
1490	0	0	0
1491	0	0	0
1492	0	0	0
1493	0	0	0
1494	0	0	0
1495	0	0	0
1496	0	0	0
1497	0	0	0
1498	0	0	0
1499	0	0	0
1500	10	0	0
1501	11	0	0
1502	0	0	0
1503	0	0	0
1504	0	0	0
1505	0	0	0
1506	0	0	0
1507	0	0	0
1508	0	0	0
1509	0	0	0
1510	11	0	0
1511	0	0	0
1512	0	0	0
1513	0	0	0
1514	0	0	0
1515	0	0	0
1516	0	0	0
1517	0	0	0
1518	0	0	0
1519	0	0	0
1520	0	0	0
1521	0	0	0
1522	0	0	0
1523	0	0	0
1524	0	0	0
1525	0	0	0
1526	0	0	0
1527	0	0	0
1528	0	0	0
1529	0	0	0
1530	0	0	0
1531	0	0	0
1532	0	0	0
1533	0	0	0
1534	0	0	0
1535	0	0	0
1536	0	0	0
1537	0	0	0
1538	0	0	0
1539	0	0	0
1540	0	0	0
1541	0	0	0
1542	0	0	0
1543	0	0	0
1544	0	0	0
1545	0	0	0
1546	0	0	0
1547	0	0	0
1548	0	0	0
1549	0	0	0
1550	0	0	0
1551	0	0	0
1552	0	0	0
1553	0	0	0
1554	0	0	0
1555	0	0	0
1556	0	0	0
1557	0	0	0
1558	0	0	0
1559	0	0	0
1560	0	0	0
1561	0	0	0
1562	0	0	0
1563	0	0	0
1564	0	0	0
1565	0	0	0
1566	9	0	0
1567	0	0	0
1568	0	0	0
1569	0	0	0
1570	0	0	0
1571	0	0	0
1572	0	0	0
1573	0	0	0
1574	0	0	0
1575	0	0	0
1576	0	0	0
1577	0	0	0
1578	0	0	0
1579	0	0	0
1580	0	0	0
1581	0	0	0
1582	9	0	0
1583	0	0	0
1584	0	0	0
1585	0	0	0
1586	0	0	0
1587	0	0	0
1588	9	0	0
1589	0	0	0
1590	0	0	0
1591	11	0	0
1592	0	0	0
1593	0	0	0
1594	0	0	0
1595	0	0	0
1596	0	0	0
1597	10	0	0
1598	0	0	0
1599	0	0	0
1600	9	0	0
1601	0	0	0
1602	0	0	0
1603	0	0	0
1604	0	0	0
1605	0	0	0
1606	9	0	0
1607	0	0	0
1608	0	0	0
1609	0	0	0
1610	0	0	0
1611	0	0	0
1612	0	0	0
1613	0	0	0
1614	0	0	0
1615	0	0	0
1616	0	0	0
1617	10	0	0
1618	0	0	0
1619	0	0	0
1620	11	0	0
1621	0	0	0
1622	0	0	0
1623	0	0	0
1624	0	0	0
1625	0	0	0
1626	0	0	0
1627	0	0	0
1628	0	0	0
1629	0	0	0
1630	0	0	0
1631	0	0	0
1632	0	0	0
1633	0	0	0
1634	0	0	0
1635	0	0	0
1636	0	0	0
1637	0	0	0
1638	0	0	0
1639	0	0	0
1640	0	0	0
1641	0	0	0
1642	0	0	0
1643	9	0	0
1644	4	3	1
1645	0	0	0
1646	10	0	0
1647	0	0	0
1648	0	0	0
1649	0	0	0
1650	0	0	0
1651	0	0	0
1652	0	0	0
1653	0	0	0
1654	0	0	0
1655	0	0	0
1656	0	0	0
1657	0	0	0
1658	0	0	0
1659	0	0	0
1660	0	0	0
1661	10	0	0
1662	0	0	0
1663	0	0	0
1664	0	0	0
1665	9	0	0
1666	0	0	0
1667	0	0	0
1668	0	0	0
1669	0	0	0
1670	10	0	0
1671	0	0	0
1672	0	0	0
1673	0	0	0
1674	0	0	0
1675	0	0	0
1676	0	0	0
1677	0	0	0
1678	0	0	0
1679	0	0	0
1680	0	0	0
1681	0	0	0
1682	9	0	0
1683	0	0	0
1684	0	0	0
1685	0	0	0
1686	0	0	0
1687	0	0	0
1688	0	0	0
1689	0	0	0
1690	0	0	0
1691	0	0	0
1692	0	0	0
1693	2	4	1
1694	2	4	1
1695	2	4	1
1696	2	4	1
1697	2	4	1
1698	2	4	1
1699	2	4	1
1700	2	4	1
1701	2	4	1
1702	2	4	1
1703	2	4	1
1704	2	4	1
1705	2	4	1
1706	2	4	1
1707	2	4	1
1708	2	4	1
1709	2	4	1
1710	2	4	1
1711	2	4	1
1712	2	4	1
1713	2	4	1
1714	2	4	1
1715	2	4	1
1716	2	4	1
1717	2	4	1
1718	2	4	1
1719	2	4	1
1720	2	4	1
1721	2	4	1
1722	2	4	1
1723	2	4	1
1724	2	4	1
1725	2	4	1
1726	2	4	1
1727	2	4	1
1728	2	4	1
1729	2	4	1
1730	2	4	1
1731	2	4	1
1732	2	4	1
1733	2	4	1
1734	2	4	1
1735	2	4	1
1736	2	4	1
1737	2	4	1
1738	2	4	1
1739	2	4	1
1740	2	4	1
1741	2	4	1
1742	2	4	1
1743	2	4	1
1744	2	4	1
1745	2	4	1
1746	2	4	1
1747	2	4	1
1748	2	4	1
1749	2	4	1
1750	2	4	1
1751	2	4	1
1752	2	4	1
1753	2	4	1
1754	2	4	1
1755	2	4	1
1756	2	4	1
1757	2	4	1
1758	2	4	1
1759	2	4	1
1760	2	4	1
1761	2	4	1
1762	2	4	1
1763	2	4	1
1764	2	4	1
1765	2	4	1
1766	2	4	1
1767	2	4	1
1768	2	4	1
1769	2	4	1
1770	2	4	1
1771	2	4	1
1772	2	4	1
1773	2	4	1
1774	2	4	1
1775	2	4	1
1776	2	4	1
1777	2	4	1
1778	2	4	1
1779	2	4	1
1780	2	4	1
1781	2	4	1
1782	2	4	1
1783	2	4	1
1784	2	4	1
1785	2	4	1
1786	2	4	1
1787	2	4	1
1788	2	4	1
1789	2	4	1
1790	2	4	1
1791	2	4	1
1792	2	4	1
1793	2	4	1
1794	2	4	1
1795	2	4	1
1796	2	4	1
1797	2	4	1
1798	2	4	1
1799	2	4	1
1800	2	4	1
1801	2	4	1
1802	2	4	1
1803	2	4	1
1804	2	4	1
1805	2	4	1
1806	2	4	1
1807	2	4	1
1808	2	4	1
1809	2	4	1
1810	2	4	1
1811	2	4	1
1812	2	4	1
1813	2	4	1
1814	2	4	1
1815	2	4	1
1816	2	4	1
1817	2	4	1
1818	2	4	1
1819	2	4	1
1820	2	4	1
1821	2	4	1
1822	2	4	1
1823	2	4	1
1824	2	4	1
1825	2	4	1
1826	2	4	1
1827	2	4	1
1828	2	4	1
1829	2	4	1
1830	2	4	1
1831	2	4	1
1832	2	4	1
1833	2	4	1
1834	2	4	1
1835	2	4	1
1836	2	4	1
1837	2	4	1
1838	2	4	1
1839	2	4	1
1840	2	4	1
1841	2	4	1
1842	2	4	1
1843	2	4	1
1844	2	4	1
1845	2	4	1
1846	2	4	1
1847	2	4	1
1848	2	4	1
1849	2	4	1
1850	2	4	1
1851	2	4	1
1852	2	4	1
1853	2	4	1
1854	2	4	1
1855	2	4	1
1856	2	4	1
1857	2	4	1
1858	2	4	1
1859	2	4	1
1860	2	4	1
1861	2	4	1
1862	2	4	1
1863	2	4	1
1864	2	4	1
1865	2	4	1
1866	2	4	1
1867	2	4	1
1868	2	4	1
1869	2	4	1
1870	2	4	1
1871	2	4	1
1872	2	4	1
1873	2	4	1
1874	2	4	1
1875	2	4	1
1876	2	4	1
1877	2	4	1
1878	2	4	1
1879	2	4	1
1880	2	4	1
1881	2	4	1
1882	2	4	1
1883	2	4	1
1884	2	4	1
1885	2	4	1
1886	2	4	1
1887	2	4	1
1888	2	4	1
1889	2	4	1
1890	2	4	1
1891	2	4	1
1892	2	4	1
1893	2	4	1
1894	2	4	1
1895	2	4	1
1896	2	4	1
1897	2	4	1
1898	2	4	1
1899	2	4	1
1900	2	4	1
1901	2	4	1
1902	2	4	1
1903	2	4	1
1904	2	4	1
1905	2	4	1
1906	2	4	1
1907	2	4	1
1908	2	4	1
1909	2	4	1
1910	2	4	1
1911	2	4	1
1912	2	4	1
1913	2	4	1
1914	2	4	1
1915	2	4	1
1916	2	4	1
1917	2	4	1
1918	2	4	1
1919	2	4	1
1920	2	4	1
1921	2	4	1
1922	2	4	1
1923	2	4	1
1924	2	4	1
1925	2	4	1
1926	2	4	1
1927	2	4	1
1928	2	4	1
1929	2	4	1
1930	2	4	1
1931	2	4	1
1932	2	4	1
1933	2	4	1
1934	2	4	1
1935	2	4	1
1936	2	4	1
1937	2	4	1
1938	2	4	1
1939	2	4	1
1940	2	4	1
1941	2	4	1
1942	2	4	1
1943	2	4	1
1944	2	4	1
1945	2	4	1
1946	2	4	1
1947	2	4	1
1948	2	4	1
1949	2	4	1
1950	2	4	1
1951	2	4	1
1952	2	4	1
1953	2	4	1
1954	2	4	1
1955	2	4	1
1956	2	4	1
1957	2	4	1
1958	2	4	1
1959	2	4	1
1960	2	4	1
1961	2	4	1
1962	2	4	1
1963	2	4	1
1964	2	4	1
1965	2	4	1
1966	2	4	1
1967	2	4	1
1968	2	4	1
1969	2	4	1
1970	2	4	1
1971	2	4	1
1972	2	4	1
1973	2	4	1
1974	2	4	1
1975	2	4	1
1976	2	4	1
1977	2	4	1
1978	2	4	1
1979	2	4	1
1980	2	4	1
1981	2	4	1
1982	2	4	1
1983	2	4	1
1984	2	4	1
1985	2	4	1
1986	2	4	1
1987	2	4	1
1988	2	4	1
1989	2	4	1
1990	2	4	1
1991	2	4	1
1992	2	4	1
1993	2	4	1
1994	2	4	1
1995	2	4	1
1996	2	4	1
1997	2	4	1
1998	2	4	1
1999	2	4	1
2000	2	4	1
2001	2	4	1
2002	2	4	1
2003	2	4	1
2004	2	4	1
2005	2	4	1
2006	2	4	1
2007	2	4	1
2008	2	4	1
2009	2	4	1
2010	2	4	1
2011	2	4	1
2012	2	4	1
2013	2	4	1
2014	2	4	1
2015	2	4	1
2016	2	4	1
2017	2	4	1
2018	2	4	1
2019	2	4	1
2020	2	4	1
2021	2	4	1
2022	2	4	1
2023	2	4	1
2024	2	4	1
2025	2	4	1
2026	2	4	1
2027	2	4	1
2028	2	4	1
2029	2	4	1
2030	2	4	1
2031	2	4	1
2032	2	4	1
2033	2	4	1
2034	2	4	1
2035	2	4	1
2036	2	4	1
2037	2	4	1
2038	2	4	1
2039	2	4	1
2040	2	4	1
2041	2	4	1
2042	2	4	1
2043	2	4	1
2044	2	4	1
2045	2	4	1
2046	2	4	1
2047	2	4	1
2048	2	4	1
2049	2	4	1
2050	2	4	1
2051	2	4	1
2052	2	4	1
2053	2	4	1
2054	2	4	1
2055	2	4	1
2056	2	4	1
2057	2	4	1
2058	2	4	1
2059	2	4	1
2060	2	4	1
2061	2	4	1
2062	2	4	1
2063	2	4	1
2064	2	4	1
2065	2	4	1
2066	2	4	1
2067	2	4	1
2068	2	4	1
2069	2	4	1
2070	2	4	1
2071	2	4	1
2072	2	4	1
2073	2	4	1
2074	2	4	1
2075	2	4	1
2076	2	4	1
2077	2	4	1
2078	2	4	1
2079	2	4	1
2080	2	4	1
2081	2	4	1
2082	2	4	1
2083	2	4	1
2084	2	4	1
2085	2	4	1
2086	2	4	1
2087	2	4	1
2088	2	4	1
2089	2	4	1
2090	2	4	1
2091	2	4	1
2092	2	4	1
2093	2	4	1
2094	2	4	1
2095	2	4	1
2096	2	4	1
2097	2	4	1
2098	2	4	1
2099	2	4	1
2100	2	4	1
2101	2	4	1
2102	2	4	1
2103	2	4	1
2104	2	4	1
2105	2	4	1
2106	2	4	1
2107	2	4	1
2108	2	4	1
2109	2	4	1
2110	2	4	1
2111	2	4	1
2112	2	4	1
2113	2	4	1
2114	2	4	1
2115	2	4	1
2116	2	4	1
2117	2	4	1
2118	2	4	1
2119	2	4	1
2120	2	4	1
2121	2	4	1
2122	2	4	1
2123	2	4	1
2124	2	4	1
2125	2	4	1
2126	2	4	1
2127	2	4	1
2128	2	4	1
2129	2	4	1
2130	2	4	1
2131	2	4	1
2132	2	4	1
2133	2	4	1
2134	2	4	1
2135	2	4	1
2136	2	4	1
2137	2	4	1
2138	2	4	1
2139	2	4	1
2140	2	4	1
2141	2	4	1
2142	2	4	1
2143	2	4	1
2144	2	4	1
2145	2	4	1
2146	2	4	1
2147	2	4	1
2148	2	4	1
2149	2	4	1
2150	2	4	1
2151	2	4	1
2152	2	4	1
2153	2	4	1
2154	2	4	1
2155	2	4	1
2156	2	4	1
2157	2	4	1
2158	2	4	1
2159	2	4	1
2160	2	4	1
2161	2	4	1
2162	2	4	1
2163	2	4	1
2164	2	4	1
2165	2	4	1
2166	2	4	1
2167	2	4	1
2168	2	4	1
2169	2	4	1
2170	2	4	1
2171	2	4	1
2172	2	4	1
2173	2	4	1
2174	2	4	1
2175	2	4	1
2176	2	4	1
2177	2	4	1
2178	2	4	1
2179	2	4	1
2180	2	4	1
2181	2	4	1
2182	2	4	1
2183	2	4	1
2184	2	4	1
2185	2	4	1
2186	2	4	1
2187	2	4	1
2188	2	4	1
2189	2	4	1
2190	2	4	1
2191	2	4	1
2192	2	4	1
2193	2	4	1
2194	2	4	1
2195	2	4	1
2196	2	4	1
2197	2	4	1
2198	2	4	1
2199	2	4	1
2200	2	4	1
2201	2	4	1
2202	2	4	1
2203	2	4	1
2204	2	4	1
2205	2	4	1
2206	2	4	1
2207	2	4	1
2208	2	4	1
2209	2	4	1
2210	2	4	1
2211	2	4	1
2212	2	4	1
2213	2	4	1
2214	2	4	1
2215	2	4	1
2216	2	4	1
2217	2	4	1
2218	2	4	1
2219	2	4	1
2220	2	4	1
2221	2	4	1
2222	2	4	1
2223	2	4	1
2224	2	4	1
2225	2	4	1
2226	2	4	1
2227	2	4	1
2228	2	4	1
2229	2	4	1
2230	2	4	1
2231	2	4	1
2232	2	4	1
2233	2	4	1
2234	2	4	1
2235	2	4	1
2236	2	4	1
2237	2	4	1
2238	2	4	1
2239	2	4	1
2240	2	4	1
2241	2	4	1
2242	2	4	1
2243	2	4	1
2244	2	4	1
2245	2	4	1
2246	2	4	1
2247	2	4	1
2248	2	4	1
2249	2	4	1
2250	2	4	1
2251	2	4	1
2252	2	4	1
2253	2	4	1
2254	2	4	1
2255	2	4	1
2256	2	4	1
2257	2	4	1
2258	2	4	1
2259	2	4	1
2260	2	4	1
2261	2	4	1
2262	2	4	1
2263	2	4	1
2264	2	4	1
2265	2	4	1
2266	2	4	1
2267	2	4	1
2268	2	4	1
2269	2	4	1
2270	2	4	1
2271	2	4	1
2272	2	4	1
2273	2	4	1
2274	2	4	1
2275	2	4	1
2276	2	4	1
2277	2	4	1
2278	2	4	1
2279	2	4	1
2280	2	4	1
2281	2	4	1
2282	2	4	1
2283	2	4	1
2284	2	4	1
2285	2	4	1
2286	2	4	1
2287	2	4	1
2288	2	4	1
2289	2	4	1
2290	2	4	1
2291	2	4	1
2292	2	4	1
2293	2	4	1
2294	2	4	1
2295	2	4	1
2296	2	4	1
2297	2	4	1
2298	2	4	1
2299	2	4	1
2300	2	4	1
2301	2	4	1
2302	2	4	1
2303	2	4	1
2304	2	4	1
2305	2	4	1
2306	2	4	1
2307	2	4	1
2308	2	4	1
2309	2	4	1
2310	2	4	1
2311	2	4	1
2312	2	4	1
2313	2	4	1
2314	2	4	1
2315	2	4	1
2316	2	4	1
2317	2	4	1
2318	2	4	1
2319	2	4	1
2320	2	4	1
2321	2	4	1
2322	2	4	1
2323	2	4	1
2324	2	4	1
2325	2	4	1
2326	2	4	1
2327	2	4	1
2328	2	4	1
2329	2	4	1
2330	2	4	1
2331	2	4	1
2332	2	4	1
2333	2	4	1
2334	5	5	0
2335	5	5	0
2336	5	5	0
2337	5	5	0
2338	5	5	0
2339	5	5	0
2340	5	5	0
2341	5	5	0
2342	5	5	0
2343	5	5	0
2344	5	5	0
2345	5	5	0
2346	5	5	0
2347	5	5	0
2348	5	5	0
2349	5	5	0
2350	5	5	0
2351	5	5	0
2352	5	5	0
2353	5	5	0
2354	5	5	0
2355	5	5	0
2356	5	5	0
2357	5	5	0
2358	5	5	0
2359	5	5	0
2360	5	5	0
2361	5	5	0
2362	5	5	0
2363	5	5	0
2364	5	5	0
2365	5	5	0
2366	5	5	0
2367	5	5	0
2368	5	5	0
2369	5	5	0
2370	5	5	0
2371	5	5	0
2372	5	5	0
2373	5	5	0
2374	5	5	0
2375	5	5	0
2376	5	5	0
2377	5	5	0
2378	5	5	0
2379	5	5	0
2380	5	5	0
2381	5	5	0
2382	5	5	0
2383	5	5	0
2384	5	5	0
2385	5	5	0
2386	5	5	0
2387	5	5	0
2388	5	5	0
2389	5	5	0
2390	5	5	0
2391	5	5	0
2392	5	5	0
2393	5	5	0
2394	5	5	0
2395	5	5	0
2396	5	5	0
2397	5	5	0
2398	5	5	0
2399	5	5	0
2400	5	5	0
2401	5	5	0
2402	5	5	0
2403	5	5	0
2404	5	5	0
2405	5	5	0
2406	5	5	0
2407	5	5	0
2408	5	5	0
2409	5	5	0
2410	5	5	0
2411	5	5	0
2412	5	5	0
2413	5	5	0
2414	5	5	0
2415	5	5	0
2416	5	5	0
2417	5	5	0
2418	5	5	0
2419	5	5	0
2420	5	5	0
2421	5	5	0
2422	5	5	0
2423	5	5	0
2424	5	5	0
2425	5	5	0
2426	5	5	0
2427	5	5	0
2428	5	5	0
2429	5	5	0
2430	5	5	0
2431	5	5	0
2432	5	5	0
2433	5	5	0
2434	5	5	0
2435	5	5	0
2436	5	5	0
2437	5	5	0
2438	5	5	0
2439	5	5	0
2440	5	5	0
2441	5	5	0
2442	5	5	0
2443	5	5	0
2444	5	5	0
2445	5	5	0
2446	5	5	0
2447	5	5	0
2448	5	5	0
2449	5	5	0
2450	5	5	0
2451	5	5	0
2452	5	5	0
2453	5	5	0
2454	5	5	0
2455	5	5	0
2456	5	5	0
2457	5	5	0
2458	5	5	0
2459	5	5	0
2460	5	5	0
2461	5	5	0
2462	5	5	0
2463	5	5	0
2464	5	5	0
2465	5	5	0
2466	5	5	0
2467	5	5	0
2468	5	5	0
2469	5	5	0
2470	5	5	0
2471	5	5	0
2472	5	5	0
2473	5	5	0
2474	5	5	0
2475	5	5	0
2476	5	5	0
2477	5	5	0
2478	5	5	0
2479	5	5	0
2480	5	5	0
2481	5	5	0
2482	5	5	0
2483	5	5	0
2484	5	5	0
2485	5	5	0
2486	5	5	0
2487	5	5	0
2488	5	5	0
2489	5	5	0
2490	5	5	0
2491	5	5	0
2492	5	5	0
2493	5	5	0
2494	5	5	0
2495	5	5	0
2496	5	5	0
2497	5	5	0
2498	5	5	0
2499	5	5	0
2500	5	5	0
2501	5	5	0
2502	5	5	0
2503	0	0	0
2504	5	5	0
2505	5	5	0
2506	5	5	0
2507	5	5	0
2508	5	5	0
2509	5	5	0
2510	5	5	0
2511	5	5	0
2512	5	5	0
2513	5	5	0
2514	5	5	0
2515	5	5	0
2516	5	5	0
2517	5	5	0
2518	5	5	0
2519	5	5	0
2520	5	5	0
2521	5	5	0
2522	5	5	0
2523	5	5	0
2524	5	5	0
2525	5	5	0
2526	5	5	0
2527	5	5	0
2528	5	5	0
2529	5	5	0
2530	5	5	0
2531	5	5	0
2532	5	5	0
2533	5	5	0
2534	5	5	0
2535	5	5	0
2536	5	5	0
2537	5	5	0
2538	5	5	0
2539	5	5	0
2540	5	5	0
2541	0	0	0
2542	5	5	0
2543	5	5	0
2544	5	5	0
2545	5	5	0
2546	5	5	0
2547	5	5	0
2548	5	5	0
2549	5	5	0
2550	5	5	0
2551	5	5	0
2552	5	5	0
2553	5	5	0
2554	5	5	0
2555	5	5	0
2556	5	5	0
2557	5	5	0
2558	5	5	0
2559	5	5	0
2560	5	5	0
2561	5	5	0
2562	5	5	0
2563	5	5	0
2564	5	5	0
2565	5	5	0
2566	5	5	0
2567	5	5	0
2568	5	5	0
2569	5	5	0
2570	5	5	0
2571	5	5	0
2572	5	5	0
2573	5	5	0
2574	5	5	0
2575	5	5	0
2576	5	5	0
2577	5	5	0
2578	5	5	0
2579	5	5	0
2580	5	5	0
2581	5	5	0
2582	5	5	0
2583	5	5	0
2584	5	5	0
2585	5	5	0
2586	5	5	0
2587	5	5	0
2588	5	5	0
2589	5	5	0
2590	5	5	0
2591	5	5	0
2592	5	5	0
2593	5	5	0
2594	5	5	0
2595	5	5	0
2596	5	5	0
2597	5	5	0
2598	5	5	0
2599	5	5	0
2600	5	5	0
2601	5	5	0
2602	5	5	0
2603	5	5	0
2604	5	5	0
2605	5	5	0
2606	5	5	0
2607	5	5	0
2608	5	5	0
2609	5	5	0
2610	5	5	0
2611	5	5	0
2612	5	5	0
2613	5	5	0
2614	5	5	0
2615	5	5	0
2616	5	5	0
2617	5	5	0
2618	5	5	0
2619	5	5	0
2620	5	5	0
2621	5	5	0
2622	5	5	0
2623	5	5	0
2624	5	5	0
2625	5	5	0
2626	5	5	0
2627	5	5	0
2628	5	5	0
2629	5	5	0
2630	5	5	0
2631	5	5	0
2632	5	5	0
2633	5	5	0
2634	5	5	0
2635	5	5	0
2636	5	5	0
2637	5	5	0
2638	5	5	0
2639	5	5	0
2640	5	5	0
2641	5	5	0
2642	5	5	0
2643	5	5	0
2644	5	5	0
2645	5	5	0
2646	5	5	0
2647	5	5	0
2648	5	5	0
2649	5	5	0
2650	5	5	0
2651	5	5	0
2652	5	5	0
2653	5	5	0
2654	5	5	0
2655	5	5	0
2656	5	5	0
2657	5	5	0
2658	5	5	0
2659	5	5	0
2660	5	5	0
2661	5	5	0
2662	5	5	0
2663	5	5	0
2664	5	5	0
2665	5	5	0
2666	5	5	0
2667	5	5	0
2668	5	5	0
2669	5	5	0
2670	5	5	0
2671	5	5	0
2672	5	5	0
2673	5	5	0
2674	5	5	0
2675	5	5	0
2676	5	5	0
2677	5	5	0
2678	5	5	0
2679	5	5	0
2680	5	5	0
2681	5	5	0
2682	5	5	0
2683	5	5	0
2684	5	5	0
2685	5	5	0
2686	5	5	0
2687	5	5	0
2688	5	5	0
2689	5	5	0
2690	5	5	0
2691	5	5	0
2692	5	5	0
2693	5	5	0
2694	5	5	0
2695	5	5	0
2696	5	5	0
2697	5	5	0
2698	5	5	0
2699	5	5	0
2700	5	5	0
2701	5	5	0
2702	5	5	0
2703	5	5	0
2704	5	5	0
2705	5	5	0
2706	5	5	0
2707	5	5	0
2708	5	5	0
2709	5	5	0
2710	5	5	0
2711	5	5	0
2712	5	5	0
2713	5	5	0
2714	5	5	0
2715	5	5	0
2716	5	5	0
2717	5	5	0
2718	5	5	0
2719	5	5	0
2720	5	5	0
2721	5	5	0
2722	5	5	0
2723	5	5	0
2724	5	5	0
2725	5	5	0
2726	5	5	0
2727	5	5	0
2728	5	5	0
2729	5	5	0
2730	5	5	0
2731	5	5	0
2732	5	5	0
2733	5	5	0
2734	5	5	0
2735	5	5	0
2736	5	5	0
2737	5	5	0
2738	5	5	0
2739	5	5	0
2740	5	5	0
2741	5	5	0
2742	5	5	0
2743	5	5	0
2744	5	5	0
2745	5	5	0
2746	5	5	0
2747	5	5	0
2748	5	5	0
2749	5	5	0
2750	5	5	0
2751	5	5	0
2752	5	5	0
2753	5	5	0
2754	5	5	0
2755	5	5	0
2756	5	5	0
2757	5	5	0
2758	5	5	0
2759	5	5	0
2760	5	5	0
2761	5	5	0
2762	5	5	0
2763	5	5	0
2764	5	5	0
2765	5	5	0
2766	5	5	0
2767	5	5	0
2768	5	5	0
2769	5	5	0
2770	5	5	0
2771	5	5	0
2772	5	5	0
2773	5	5	0
2774	5	5	0
2775	5	5	0
2776	5	5	0
2777	5	5	0
2778	7	0	0
2779	7	0	0
2780	7	0	0
2781	7	0	0
2782	7	0	0
2783	7	0	0
2784	7	0	0
2785	7	0	0
2786	7	0	0
2787	7	0	0
2788	7	0	0
2789	7	0	0
2790	7	0	0
2791	7	0	0
2792	7	0	0
2793	7	0	0
2794	7	0	0
2795	7	0	0
2796	7	0	0
2797	7	0	0
2798	7	0	0
2799	7	0	0
2800	7	0	0
2801	7	0	0
2802	7	0	0
2803	7	0	0
2804	7	0	0
2805	7	0	0
2806	7	0	0
2807	7	0	0
2808	7	0	0
2809	7	0	0
2810	7	0	0
2811	7	0	0
2812	7	0	0
2813	7	0	0
2814	7	0	0
2815	7	0	0
2816	7	0	0
2817	7	0	0
2818	7	0	0
2819	7	0	0
2820	7	0	0
2821	7	0	0
2822	7	0	0
2823	7	0	0
2824	7	0	0
2825	7	0	0
2826	7	0	0
2827	7	0	0
2828	7	0	0
2829	7	0	0
2830	7	0	0
2831	7	0	0
2832	7	0	0
2833	7	0	0
2834	7	0	0
2835	7	0	0
2836	7	0	0
2837	7	0	0
2838	7	0	0
2839	7	0	0
2840	7	0	0
2841	7	0	0
2842	7	0	0
2843	7	0	0
2844	7	0	0
2845	7	0	0
2846	7	0	0
2847	7	0	0
2848	7	0	0
2849	7	0	0
2850	7	0	0
2851	7	0	0
2852	7	0	0
2853	7	0	0
2854	7	0	0
2855	7	0	0
2856	7	0	0
2857	7	0	0
2858	7	0	0
2859	7	0	0
2860	8	2	0
2861	8	2	0
2862	8	2	0
2863	8	2	0
2864	8	2	0
2865	8	2	0
2866	8	2	0
2867	8	2	0
2868	8	2	0
2869	8	2	0
2870	8	2	0
2871	8	2	0
2872	8	2	0
2873	8	2	0
2874	8	2	0
2875	8	2	0
2876	8	2	0
2877	8	2	0
2878	8	2	0
2879	8	2	0
2880	8	2	0
2881	8	2	0
2882	8	2	0
2883	8	2	0
2884	8	2	0
2885	8	2	0
2886	8	2	0
2887	8	2	0
2888	8	2	0
2889	8	2	0
2890	8	2	0
2891	8	2	0
2892	8	2	0
2893	8	2	0
2894	8	2	0
2895	8	2	0
2896	8	2	0
2897	8	2	0
2898	8	2	0
2899	8	2	0
2900	8	2	0
2901	8	2	0
2902	8	2	0
2903	8	2	0
2904	8	2	0
2905	8	2	0
2906	8	2	0
2907	8	2	0
2908	8	2	0
2909	8	2	0
2910	8	2	0
2911	8	2	0
2912	8	2	0
2913	8	2	0
2914	8	2	0
2915	8	2	0
2916	8	2	0
2917	8	2	0
2918	8	2	0
2919	8	2	0
2920	8	2	0
2921	8	2	0
2922	8	2	0
2923	8	2	0
2924	8	2	0
2925	8	2	0
2926	8	2	0
2927	8	2	0
2928	8	2	0
2929	8	2	0
2930	8	2	0
2931	8	2	0
2932	8	2	0
2933	8	2	0
2934	8	2	0
2935	8	2	0
2936	8	2	0
2937	8	2	0
2938	8	2	0
2939	8	2	0
2940	8	2	0
2941	8	2	0
2942	11	0	0
2943	11	0	0
2944	11	0	0
2945	11	0	0
2946	11	0	0
2947	11	0	0
2948	11	0	0
2949	11	0	0
2950	11	0	0
2951	11	0	0
2952	11	0	0
2953	11	0	0
2954	11	0	0
2955	11	0	0
2956	11	0	0
2957	11	0	0
2958	11	0	0
2959	11	0	0
2960	11	0	0
2961	11	0	0
2962	11	0	0
2963	11	0	0
2964	11	0	0
2965	11	0	0
2966	11	0	0
2967	11	0	0
2968	11	0	0
2969	11	0	0
2970	11	0	0
2971	1	1	0
2972	1	1	0
2973	1	1	0
2974	1	1	0
2975	1	1	0
2976	1	1	0
2977	1	1	0
2978	1	1	0
2979	1	1	0
2980	1	1	0
2981	1	1	0
2982	1	1	0
2983	1	1	0
2984	1	1	0
2985	1	1	0
2986	1	1	0
2987	1	1	0
2988	1	1	0
2989	1	1	0
2990	1	1	0
2991	1	1	0
2992	1	1	0
2993	1	1	0
2994	1	1	0
2995	1	1	0
2996	1	1	0
2997	1	1	0
2998	1	1	0
2999	1	1	0
3000	1	1	0
3001	1	1	0
3002	1	1	0
3003	1	1	0
3004	1	1	0
3005	1	1	0
3006	1	1	0
3007	1	1	0
3008	1	1	0
3009	1	1	0
3010	1	1	0
3011	1	1	0
3012	1	1	0
3013	1	1	0
3014	1	1	0
3015	1	1	0
3016	1	1	0
3017	1	1	0
3018	1	1	0
3019	1	1	0
3020	1	1	0
3021	1	1	0
3022	1	1	0
3023	1	1	0
3024	1	1	0
3025	1	1	0
3026	1	1	0
3027	1	1	0
3028	1	1	0
3029	1	1	0
3030	1	1	0
3031	1	1	0
3032	1	1	0
3033	1	1	0
3034	1	1	0
3035	1	1	0
3036	1	1	0
3037	1	1	0
3038	1	1	0
3039	1	1	0
3040	1	1	0
3041	1	1	0
3042	1	1	0
3043	1	1	0
3044	1	1	0
3045	1	1	0
3046	1	1	0
3047	1	1	0
3048	1	1	0
3049	1	1	0
3050	1	1	0
3051	1	1	0
3052	1	1	0
3053	1	1	0
3054	1	1	0
3055	1	1	0
3056	1	1	0
3057	1	1	0
3058	1	1	0
3059	1	1	0
3060	1	1	0
3061	1	1	0
3062	1	1	0
3063	1	1	0
3064	1	1	0
3065	1	1	0
3066	1	1	0
3067	1	1	0
3068	1	1	0
3069	1	1	0
3070	1	1	0
3071	1	1	0
3072	1	1	0
3073	1	1	0
3074	1	1	0
3075	1	1	0
3076	1	1	0
3077	1	1	0
3078	1	1	0
3079	1	1	0
3080	1	1	0
3081	1	1	0
3082	1	1	0
3083	1	1	0
3084	1	1	0
3085	1	1	0
3086	1	1	0
3087	1	1	0
3088	1	1	0
3089	1	1	0
3090	1	1	0
3091	1	1	0
3092	1	1	0
3093	1	1	0
3094	1	1	0
3095	1	1	0
3096	1	1	0
3097	1	1	0
3098	1	1	0
3099	1	1	0
3100	1	1	0
3101	1	1	0
3102	1	1	0
3103	1	1	0
3104	1	1	0
3105	1	1	0
3106	1	1	0
3107	1	1	0
3108	1	1	0
3109	1	1	0
3110	1	1	0
3111	1	1	0
3112	1	1	0
3113	1	1	0
3114	1	1	0
3115	1	1	0
3116	1	1	0
3117	1	1	0
3118	1	1	0
3119	1	1	0
3120	1	1	0
3121	1	1	0
3122	1	1	0
3123	1	1	0
3124	1	1	0
3125	1	1	0
3126	1	1	0
3127	1	1	0
3128	1	1	0
3129	1	1	0
3130	1	1	0
3131	1	1	0
3132	1	1	0
3133	1	1	0
3134	1	1	0
3135	1	1	0
3136	1	1	0
3137	1	1	0
3138	1	1	0
3139	1	1	0
3140	1	1	0
3141	1	1	0
3142	1	1	0
3143	1	1	0
3144	1	1	0
3145	1	1	0
3146	1	1	0
3147	1	1	0
3148	1	1	0
3149	1	1	0
3150	1	1	0
3151	1	1	0
3152	1	1	0
3153	1	1	0
3154	1	1	0
3155	1	1	0
3156	1	1	0
3157	1	1	0
3158	1	1	0
3159	1	1	0
3160	1	1	0
3161	1	1	0
3162	1	1	0
3163	1	1	0
3164	1	1	0
3165	1	1	0
3166	1	1	0
3167	1	1	0
3168	1	1	0
3169	1	1	0
3170	1	1	0
3171	1	1	0
3172	1	1	0
3173	1	1	0
3174	1	1	0
3175	1	1	0
3176	1	1	0
3177	1	1	0
3178	1	1	0
3179	1	1	0
3180	1	1	0
3181	1	1	0
3182	1	1	0
3183	1	1	0
3184	1	1	0
3185	1	1	0
3186	1	1	0
3187	1	1	0
3188	1	1	0
3189	1	1	0
3190	1	1	0
3191	1	1	0
3192	1	1	0
3193	1	1	0
3194	1	1	0
3195	1	1	0
3196	1	1	0
3197	1	1	0
3198	1	1	0
3199	1	1	0
3200	1	1	0
3201	1	1	0
3202	1	1	0
3203	1	1	0
3204	1	1	0
3205	1	1	0
3206	1	1	0
3207	1	1	0
3208	1	1	0
3209	1	1	0
3210	1	1	0
3211	1	1	0
3212	1	1	0
3213	1	1	0
3214	1	1	0
3215	1	1	0
3216	1	1	0
3217	1	1	0
3218	1	1	0
3219	1	1	0
3220	1	1	0
3221	1	1	0
3222	1	1	0
3223	1	1	0
3224	1	1	0
3225	1	1	0
3226	1	1	0
3227	1	1	0
3228	1	1	0
3229	1	1	0
3230	1	1	0
3231	1	1	0
3232	1	1	0
3233	1	1	0
3234	1	1	0
3235	1	1	0
3236	1	1	0
3237	1	1	0
3238	1	1	0
3239	1	1	0
3240	1	1	0
3241	1	1	0
3242	1	1	0
3243	1	1	0
3244	1	1	0
3245	1	1	0
3246	1	1	0
3247	1	1	0
3248	1	1	0
3249	1	1	0
3250	1	1	0
3251	1	1	0
3252	1	1	0
3253	1	1	0
3254	1	1	0
3255	1	1	0
3256	1	1	0
3257	1	1	0
3258	1	1	0
3259	1	1	0
3260	1	1	0
3261	1	1	0
3262	1	1	0
3263	1	1	0
3264	1	1	0
3265	1	1	0
3266	1	1	0
3267	1	1	0
3268	1	1	0
3269	1	1	0
3270	1	1	0
3271	1	1	0
3272	1	1	0
3273	1	1	0
3274	1	1	0
3275	1	1	0
3276	1	1	0
3277	1	1	0
3278	1	1	0
3279	1	1	0
3280	1	1	0
3281	1	1	0
3282	1	1	0
3283	1	1	0
3284	1	1	0
3285	1	1	0
3286	1	1	0
3287	1	1	0
3288	1	1	0
3289	1	1	0
3290	1	1	0
3291	1	1	0
3292	1	1	0
3293	1	1	0
3294	1	1	0
3295	1	1	0
3296	1	1	0
3297	1	1	0
3298	1	1	0
3299	1	1	0
3300	1	1	0
3301	1	1	0
3302	1	1	0
3303	1	1	0
3304	1	1	0
3305	1	1	0
3306	1	1	0
3307	1	1	0
3308	1	1	0
3309	1	1	0
3310	1	1	0
3311	1	1	0
3312	1	1	0
3313	1	1	0
3314	1	1	0
3315	1	1	0
3316	1	1	0
3317	1	1	0
3318	1	1	0
3319	1	1	0
3320	1	1	0
3321	1	1	0
3322	1	1	0
3323	1	1	0
3324	1	1	0
3325	1	1	0
3326	1	1	0
3327	1	1	0
3328	1	1	0
3329	1	1	0
3330	1	1	0
3331	1	1	0
3332	1	1	0
3333	1	1	0
3334	1	1	0
3335	1	1	0
3336	1	1	0
3337	1	1	0
3338	1	1	0
3339	1	1	0
3340	1	1	0
3341	1	1	0
3342	1	1	0
3343	1	1	0
3344	1	1	0
3345	1	1	0
3346	1	1	0
3347	1	1	0
3348	1	1	0
3349	1	1	0
3350	1	1	0
3351	1	1	0
3352	1	1	0
3353	1	1	0
3354	1	1	0
3355	1	1	0
3356	1	1	0
3357	0	0	0
3358	1	1	0
3359	1	1	0
3360	1	1	0
3361	1	1	0
3362	1	1	0
3363	1	1	0
3364	1	1	0
3365	1	1	0
3366	1	1	0
3367	1	1	0
3368	1	1	0
3369	1	1	0
3370	1	1	0
3371	1	1	0
3372	1	1	0
3373	1	1	0
3374	1	1	0
3375	1	1	0
3376	1	1	0
3377	1	1	0
3378	1	1	0
3379	1	1	0
3380	1	1	0
3381	1	1	0
3382	1	1	0
3383	1	1	0
3384	1	1	0
3385	1	1	0
3386	1	1	0
3387	1	1	0
3388	1	1	0
3389	1	1	0
3390	1	1	0
3391	1	1	0
3392	1	1	0
3393	1	1	0
3394	1	1	0
3395	1	1	0
3396	1	1	0
3397	1	1	0
3398	1	1	0
3399	1	1	0
3400	1	1	0
3401	1	1	0
3402	1	1	0
3403	1	1	0
3404	1	1	0
3405	1	1	0
3406	1	1	0
3407	1	1	0
3408	1	1	0
3409	1	1	0
3410	1	1	0
3411	1	1	0
3412	1	1	0
3413	1	1	0
3414	1	1	0
3415	1	1	0
3416	1	1	0
3417	1	1	0
3418	1	1	0
3419	1	1	0
3420	1	1	0
3421	1	1	0
3422	1	1	0
3423	1	1	0
3424	1	1	0
3425	1	1	0
3426	1	1	0
3427	1	1	0
3428	1	1	0
3429	1	1	0
3430	1	1	0
3431	1	1	0
3432	1	1	0
3433	1	1	0
3434	1	1	0
3435	1	1	0
3436	1	1	0
3437	1	1	0
3438	1	1	0
3439	1	1	0
3440	1	1	0
3441	1	1	0
3442	1	1	0
3443	1	1	0
3444	1	1	0
3445	1	1	0
3446	1	1	0
3447	1	1	0
3448	1	1	0
3449	1	1	0
3450	1	1	0
3451	1	1	0
3452	1	1	0
3453	1	1	0
3454	1	1	0
3455	1	1	0
3456	1	1	0
3457	1	1	0
3458	1	1	0
3459	1	1	0
3460	1	1	0
3461	1	1	0
3462	1	1	0
3463	1	1	0
3464	1	1	0
3465	1	1	0
3466	1	1	0
3467	1	1	0
3468	1	1	0
3469	1	1	0
3470	1	1	0
3471	1	1	0
3472	1	1	0
3473	1	1	0
3474	1	1	0
3475	1	1	0
3476	1	1	0
3477	1	1	0
3478	1	1	0
3479	1	1	0
3480	1	1	0
3481	1	1	0
3482	1	1	0
3483	1	1	0
3484	1	1	0
3485	1	1	0
3486	1	1	0
3487	1	1	0
3488	1	1	0
3489	1	1	0
3490	1	1	0
3491	1	1	0
3492	1	1	0
3493	1	1	0
3494	1	1	0
3495	1	1	0
3496	1	1	0
3497	1	1	0
3498	1	1	0
3499	1	1	0
3500	1	1	0
3501	1	1	0
3502	1	1	0
3503	1	1	0
3504	1	1	0
3505	1	1	0
3506	1	1	0
3507	1	1	0
3508	1	1	0
3509	1	1	0
3510	1	1	0
3511	1	1	0
3512	1	1	0
3513	1	1	0
3514	1	1	0
3515	1	1	0
3516	1	1	0
3517	1	1	0
3518	1	1	0
3519	1	1	0
3520	1	1	0
3521	1	1	0
3522	1	1	0
3523	1	1	0
3524	1	1	0
3525	1	1	0
3526	1	1	0
3527	1	1	0
3528	1	1	0
3529	1	1	0
3530	1	1	0
3531	1	1	0
3532	1	1	0
3533	1	1	0
3534	1	1	0
3535	1	1	0
3536	1	1	0
3537	1	1	0
3538	1	1	0
3539	1	1	0
3540	1	1	0
3541	1	1	0
3542	1	1	0
3543	1	1	0
3544	1	1	0
3545	1	1	0
3546	1	1	0
3547	1	1	0
3548	1	1	0
3549	1	1	0
3550	1	1	0
3551	1	1	0
3552	1	1	0
3553	1	1	0
3554	1	1	0
3555	1	1	0
3556	1	1	0
3557	1	1	0
3558	1	1	0
3559	1	1	0
3560	1	1	0
3561	1	1	0
3562	1	1	0
3563	1	1	0
3564	1	1	0
3565	1	1	0
3566	1	1	0
3567	1	1	0
3568	1	1	0
3569	1	1	0
3570	1	1	0
3571	1	1	0
3572	1	1	0
3573	1	1	0
3574	1	1	0
3575	1	1	0
3576	1	1	0
3577	1	1	0
3578	1	1	0
3579	1	1	0
3580	1	1	0
3581	1	1	0
3582	1	1	0
3583	1	1	0
3584	1	1	0
3585	1	1	0
3586	1	1	0
3587	1	1	0
3588	1	1	0
3589	1	1	0
3590	1	1	0
3591	1	1	0
3592	1	1	0
3593	1	1	0
3594	1	1	0
3595	1	1	0
3596	1	1	0
3597	1	1	0
3598	1	1	0
3599	1	1	0
3600	1	1	0
3601	1	1	0
3602	1	1	0
3603	1	1	0
3604	1	1	0
3605	1	1	0
3606	1	1	0
3607	1	1	0
3608	1	1	0
3609	1	1	0
3610	1	1	0
3611	1	1	0
3612	1	1	0
3613	1	1	0
3614	1	1	0
3615	1	1	0
3616	1	1	0
3617	1	1	0
3618	1	1	0
3619	1	1	0
3620	1	1	0
3621	1	1	0
3622	1	1	0
3623	1	1	0
3624	1	1	0
3625	1	1	0
3626	1	1	0
3627	1	1	0
3628	1	1	0
3629	1	1	0
3630	1	1	0
3631	1	1	0
3632	1	1	0
3633	1	1	0
3634	1	1	0
3635	1	1	0
3636	1	1	0
3637	1	1	0
3638	1	1	0
3639	1	1	0
3640	1	1	0
3641	1	1	0
3642	1	1	0
3643	1	1	0
3644	1	1	0
3645	1	1	0
3646	1	1	0
3647	1	1	0
3648	1	1	0
3649	1	1	0
3650	1	1	0
3651	1	1	0
3652	1	1	0
3653	1	1	0
3654	1	1	0
3655	1	1	0
3656	1	1	0
3657	1	1	0
3658	1	1	0
3659	1	1	0
3660	1	1	0
3661	1	1	0
3662	1	1	0
3663	1	1	0
3664	1	1	0
3665	1	1	0
3666	1	1	0
3667	1	1	0
3668	1	1	0
3669	1	1	0
3670	1	1	0
3671	1	1	0
3672	1	1	0
3673	1	1	0
3674	1	1	0
3675	1	1	0
3676	1	1	0
3677	1	1	0
3678	1	1	0
3679	1	1	0
3680	1	1	0
3681	1	1	0
3682	1	1	0
3683	1	1	0
3684	1	1	0
3685	1	1	0
3686	1	1	0
3687	1	1	0
3688	1	1	0
3689	1	1	0
3690	1	1	0
3691	1	1	0
3692	1	1	0
3693	1	1	0
3694	1	1	0
3695	1	1	0
3696	1	1	0
3697	1	1	0
3698	1	1	0
3699	1	1	0
3700	1	1	0
3701	1	1	0
3702	1	1	0
3703	1	1	0
3704	1	1	0
3705	1	1	0
3706	1	1	0
3707	1	1	0
3708	1	1	0
3709	1	1	0
3710	1	1	0
3711	1	1	0
3712	1	1	0
3713	1	1	0
3714	1	1	0
3715	1	1	0
3716	1	1	0
3717	1	1	0
3718	1	1	0
3719	1	1	0
3720	1	1	0
3721	1	1	0
3722	1	1	0
3723	1	1	0
3724	1	1	0
3725	1	1	0
3726	1	1	0
3727	1	1	0
3728	1	1	0
3729	1	1	0
3730	1	1	0
3731	1	1	0
3732	1	1	0
3733	1	1	0
3734	1	1	0
3735	1	1	0
3736	1	1	0
3737	1	1	0
3738	1	1	0
3739	1	1	0
3740	1	1	0
3741	1	1	0
3742	1	1	0
3743	1	1	0
3744	1	1	0
3745	1	1	0
3746	1	1	0
3747	1	1	0
3748	1	1	0
3749	1	1	0
3750	1	1	0
3751	1	1	0
3752	1	1	0
3753	1	1	0
3754	1	1	0
3755	1	1	0
3756	1	1	0
3757	1	1	0
3758	1	1	0
3759	1	1	0
3760	1	1	0
3761	1	1	0
3762	1	1	0
3763	1	1	0
3764	1	1	0
3765	1	1	0
3766	1	1	0
3767	1	1	0
3768	1	1	0
3769	1	1	0
3770	1	1	0
3771	1	1	0
3772	1	1	0
3773	1	1	0
3774	1	1	0
3775	1	1	0
3776	1	1	0
3777	1	1	0
3778	1	1	0
3779	1	1	0
3780	1	1	0
3781	1	1	0
3782	1	1	0
3783	1	1	0
3784	1	1	0
3785	1	1	0
3786	1	1	0
3787	1	1	0
3788	1	1	0
3789	1	1	0
3790	1	1	0
3791	1	1	0
3792	1	1	0
3793	1	1	0
3794	1	1	0
3795	1	1	0
3796	1	1	0
3797	1	1	0
3798	1	1	0
3799	1	1	0
3800	1	1	0
3801	1	1	0
3802	1	1	0
3803	1	1	0
3804	1	1	0
3805	1	1	0
3806	1	1	0
3807	1	1	0
3808	1	1	0
3809	1	1	0
3810	1	1	0
3811	1	1	0
3812	1	1	0
3813	1	1	0
3814	1	1	0
3815	1	1	0
3816	1	1	0
3817	1	1	0
3818	1	1	0
3819	1	1	0
3820	1	1	0
3821	1	1	0
3822	1	1	0
3823	1	1	0
3824	1	1	0
3825	1	1	0
3826	1	1	0
3827	1	1	0
3828	1	1	0
3829	1	1	0
3830	1	1	0
3831	1	1	0
3832	1	1	0
3833	1	1	0
3834	1	1	0
3835	1	1	0
3836	1	1	0
3837	1	1	0
3838	1	1	0
3839	1	1	0
3840	1	1	0
3841	1	1	0
3842	1	1	0
3843	1	1	0
3844	1	1	0
3845	1	1	0
3846	1	1	0
3847	1	1	0
3848	1	1	0
3849	1	1	0
3850	1	1	0
3851	1	1	0
3852	1	1	0
3853	1	1	0
3854	1	1	0
3855	1	1	0
3856	1	1	0
3857	1	1	0
3858	1	1	0
3859	1	1	0
3860	1	1	0
3861	1	1	0
3862	1	1	0
3863	1	1	0
3864	1	1	0
3865	1	1	0
3866	1	1	0
3867	1	1	0
3868	1	1	0
3869	1	1	0
3870	1	1	0
3871	1	1	0
3872	1	1	0
3873	1	1	0
3874	1	1	0
3875	1	1	0
3876	1	1	0
3877	1	1	0
3878	1	1	0
3879	1	1	0
3880	1	1	0
3881	1	1	0
3882	1	1	0
3883	1	1	0
3884	1	1	0
3885	1	1	0
3886	1	1	0
3887	1	1	0
3888	1	1	0
3889	1	1	0
3890	1	1	0
3891	1	1	0
3892	1	1	0
3893	1	1	0
3894	1	1	0
3895	1	1	0
3896	1	1	0
3897	1	1	0
3898	1	1	0
3899	1	1	0
3900	1	1	0
3901	1	1	0
3902	1	1	0
3903	1	1	0
3904	1	1	0
3905	1	1	0
3906	1	1	0
3907	1	1	0
3908	1	1	0
3909	1	1	0
3910	1	1	0
3911	1	1	0
3912	1	1	0
3913	1	1	0
3914	1	1	0
3915	1	1	0
3916	1	1	0
3917	1	1	0
3918	1	1	0
3919	1	1	0
3920	1	1	0
3921	1	1	0
3922	1	1	0
3923	1	1	0
3924	1	1	0
3925	1	1	0
3926	1	1	0
3927	1	1	0
3928	1	1	0
3929	1	1	0
3930	1	1	0
3931	1	1	0
3932	1	1	0
3933	1	1	0
3934	1	1	0
3935	1	1	0
3936	1	1	0
3937	1	1	0
3938	1	1	0
3939	1	1	0
3940	1	1	0
3941	1	1	0
3942	1	1	0
3943	1	1	0
3944	1	1	0
3945	1	1	0
3946	1	1	0
3947	1	1	0
3948	1	1	0
3949	1	1	0
3950	4	3	1
3951	4	3	1
3952	4	3	1
3953	4	3	1
3954	4	3	1
3955	4	3	1
3956	4	3	1
3957	4	3	1
3958	4	3	1
3959	4	3	1
3960	4	3	1
3961	4	3	1
3962	4	3	1
3963	4	3	1
3964	4	3	1
3965	4	3	1
3966	4	3	1
3967	4	3	1
3968	4	3	1
3969	4	3	1
3970	4	3	1
3971	4	3	1
3972	4	3	1
3973	4	3	1
3974	4	3	1
3975	4	3	1
3976	4	3	1
3977	4	3	1
3978	4	3	1
3979	4	3	1
3980	4	3	1
3981	4	3	1
3982	4	3	1
3983	4	3	1
3984	4	3	1
3985	4	3	1
3986	4	3	1
3987	4	3	1
3988	4	3	1
3989	4	3	1
3990	4	3	1
3991	4	3	1
3992	4	3	1
3993	4	3	1
3994	4	3	1
3995	4	3	1
3996	4	3	1
3997	4	3	1
3998	4	3	1
3999	4	3	1
4000	4	3	1
4001	4	3	1
4002	4	3	1
4003	4	3	1
4004	4	3	1
4005	4	3	1
4006	4	3	1
4007	4	3	1
4008	4	3	1
4009	4	3	1
4010	4	3	1
4011	4	3	1
4012	4	3	1
4013	4	3	1
4014	4	3	1
4015	4	3	1
4016	4	3	1
4017	4	3	1
4018	4	3	1
4019	4	3	1
4020	4	3	1
4021	4	3	1
4022	4	3	1
4023	4	3	1
4024	4	3	1
4025	4	3	1
4026	4	3	1
4027	4	3	1
4028	4	3	1
4029	4	3	1
4030	4	3	1
4031	4	3	1
4032	4	3	1
4033	4	3	1
4034	4	3	1
4035	4	3	1
4036	4	3	1
4037	4	3	1
4038	4	3	1
4039	4	3	1
4040	4	3	1
4041	4	3	1
4042	4	3	1
4043	4	3	1
4044	4	3	1
4045	4	3	1
4046	4	3	1
4047	4	3	1
4048	4	3	1
4049	4	3	1
4050	4	3	1
4051	4	3	1
4052	4	3	1
4053	4	3	1
4054	4	3	1
4055	4	3	1
4056	4	3	1
4057	4	3	1
4058	4	3	1
4059	4	3	1
4060	4	3	1
4061	4	3	1
4062	4	3	1
4063	4	3	1
4064	4	3	1
4065	4	3	1
4066	4	3	1
4067	4	3	1
4068	4	3	1
4069	4	3	1
4070	4	3	1
4071	4	3	1
4072	4	3	1
4073	4	3	1
4074	4	3	1
4075	4	3	1
4076	4	3	1
4077	4	3	1
4078	4	3	1
4079	4	3	1
4080	4	3	1
4081	4	3	1
4082	4	3	1
4083	4	3	1
4084	4	3	1
4085	4	3	1
4086	4	3	1
4087	4	3	1
4088	4	3	1
4089	4	3	1
4090	4	3	1
4091	4	3	1
4092	4	3	1
4093	4	3	1
4094	4	3	1
4095	4	3	1
4096	4	3	1
4097	4	3	1
4098	4	3	1
4099	4	3	1
4100	4	3	1
4101	4	3	1
4102	4	3	1
4103	4	3	1
4104	4	3	1
4105	4	3	1
4106	4	3	1
4107	4	3	1
4108	4	3	1
4109	4	3	1
4110	4	3	1
4111	4	3	1
4112	4	3	1
4113	4	3	1
4114	4	3	1
4115	4	3	1
4116	4	3	1
4117	4	3	1
4118	4	3	1
4119	4	3	1
4120	4	3	1
4121	4	3	1
4122	4	3	1
4123	4	3	1
4124	4	3	1
4125	4	3	1
4126	4	3	1
4127	4	3	1
4128	4	3	1
4129	4	3	1
4130	4	3	1
4131	4	3	1
4132	4	3	1
4133	4	3	1
4134	4	3	1
4135	4	3	1
4136	4	3	1
4137	4	3	1
4138	4	3	1
4139	4	3	1
4140	4	3	1
4141	4	3	1
4142	4	3	1
4143	4	3	1
4144	4	3	1
4145	4	3	1
4146	4	3	1
4147	4	3	1
4148	4	3	1
4149	4	3	1
4150	4	3	1
4151	4	3	1
4152	4	3	1
4153	4	3	1
4154	4	3	1
4155	4	3	1
4156	4	3	1
4157	4	3	1
4158	4	3	1
4159	4	3	1
4160	4	3	1
4161	4	3	1
4162	4	3	1
4163	4	3	1
4164	4	3	1
4165	4	3	1
4166	4	3	1
4167	4	3	1
4168	4	3	1
4169	4	3	1
4170	4	3	1
4171	4	3	1
4172	4	3	1
4173	4	3	1
4174	4	3	1
4175	4	3	1
4176	4	3	1
4177	4	3	1
4178	4	3	1
4179	4	3	1
4180	4	3	1
4181	4	3	1
4182	4	3	1
4183	4	3	1
4184	4	3	1
4185	4	3	1
4186	4	3	1
4187	4	3	1
4188	4	3	1
4189	4	3	1
4190	4	3	1
4191	4	3	1
4192	4	3	1
4193	4	3	1
4194	4	3	1
4195	4	3	1
4196	4	3	1
4197	4	3	1
4198	4	3	1
4199	4	3	1
4200	4	3	1
4201	4	3	1
4202	4	3	1
4203	4	3	1
4204	4	3	1
4205	4	3	1
4206	4	3	1
4207	4	3	1
4208	4	3	1
4209	4	3	1
4210	4	3	1
4211	4	3	1
4212	4	3	1
4213	4	3	1
4214	4	3	1
4215	4	3	1
4216	4	3	1
4217	4	3	1
4218	4	3	1
4219	4	3	1
4220	4	3	1
4221	4	3	1
4222	4	3	1
4223	4	3	1
4224	4	3	1
4225	4	3	1
4226	4	3	1
4227	4	3	1
4228	4	3	1
4229	4	3	1
4230	4	3	1
4231	4	3	1
4232	4	3	1
4233	4	3	1
4234	4	3	1
4235	4	3	1
4236	4	3	1
4237	4	3	1
4238	4	3	1
4239	4	3	1
4240	4	3	1
4241	4	3	1
4242	4	3	1
4243	4	3	1
4244	4	3	1
4245	4	3	1
4246	4	3	1
4247	4	3	1
4248	4	3	1
4249	4	3	1
4250	4	3	1
4251	4	3	1
4252	4	3	1
4253	4	3	1
4254	4	3	1
4255	4	3	1
4256	4	3	1
4257	4	3	1
4258	4	3	1
4259	4	3	1
4260	4	3	1
4261	4	3	1
4262	4	3	1
4263	4	3	1
4264	4	3	1
4265	4	3	1
4266	4	3	1
4267	0	0	0
4268	4	3	1
4269	4	3	1
4270	4	3	1
4271	4	3	1
4272	4	3	1
4273	4	3	1
4274	4	3	1
4275	4	3	1
4276	4	3	1
4277	4	3	1
4278	4	3	1
4279	4	3	1
4280	4	3	1
4281	4	3	1
4282	4	3	1
4283	4	3	1
4284	4	3	1
4285	4	3	1
4286	4	3	1
4287	4	3	1
4288	4	3	1
4289	4	3	1
4290	4	3	1
4291	4	3	1
4292	4	3	1
4293	4	3	1
4294	4	3	1
4295	4	3	1
4296	4	3	1
4297	4	3	1
4298	4	3	1
4299	4	3	1
4300	4	3	1
4301	4	3	1
4302	4	3	1
4303	4	3	1
4304	4	3	1
4305	4	3	1
4306	4	3	1
4307	4	3	1
4308	4	3	1
4309	4	3	1
4310	4	3	1
4311	4	3	1
4312	4	3	1
4313	4	3	1
4314	4	3	1
4315	4	3	1
4316	4	3	1
4317	4	3	1
4318	4	3	1
4319	4	3	1
4320	4	3	1
4321	4	3	1
4322	4	3	1
4323	4	3	1
4324	4	3	1
4325	4	3	1
4326	4	3	1
4327	4	3	1
4328	4	3	1
4329	4	3	1
4330	4	3	1
4331	4	3	1
4332	4	3	1
4333	4	3	1
4334	4	3	1
4335	4	3	1
4336	4	3	1
4337	4	3	1
4338	4	3	1
4339	4	3	1
4340	4	3	1
4341	4	3	1
4342	4	3	1
4343	4	3	1
4344	4	3	1
4345	4	3	1
4346	4	3	1
4347	4	3	1
4348	4	3	1
4349	4	3	1
4350	4	3	1
4351	4	3	1
4352	4	3	1
4353	4	3	1
4354	4	3	1
4355	4	3	1
4356	4	3	1
4357	4	3	1
4358	4	3	1
4359	4	3	1
4360	4	3	1
4361	4	3	1
4362	4	3	1
4363	4	3	1
4364	4	3	1
4365	4	3	1
4366	4	3	1
4367	4	3	1
4368	4	3	1
4369	4	3	1
4370	4	3	1
4371	4	3	1
4372	4	3	1
4373	4	3	1
4374	4	3	1
4375	4	3	1
4376	4	3	1
4377	4	3	1
4378	4	3	1
4379	4	3	1
4380	4	3	1
4381	4	3	1
4382	4	3	1
4383	4	3	1
4384	4	3	1
4385	4	3	1
4386	4	3	1
4387	4	3	1
4388	4	3	1
4389	4	3	1
4390	4	3	1
4391	4	3	1
4392	4	3	1
4393	4	3	1
4394	4	3	1
4395	4	3	1
4396	4	3	1
4397	3	2	0
4398	3	2	0
4399	3	2	0
4400	3	2	0
4401	3	2	0
4402	3	2	0
4403	3	2	0
4404	3	2	0
4405	3	2	0
4406	3	2	0
4407	3	2	0
4408	3	2	0
4409	3	2	0
4410	3	2	0
4411	3	2	0
4412	3	2	0
4413	3	2	0
4414	3	2	0
4415	3	2	0
4416	3	2	0
4417	3	2	0
4418	3	2	0
4419	3	2	0
4420	3	2	0
4421	3	2	0
4422	3	2	0
4423	3	2	0
4424	3	2	0
4425	3	2	0
4426	3	2	0
4427	3	2	0
4428	3	2	0
4429	3	2	0
4430	3	2	0
4431	3	2	0
4432	3	2	0
4433	3	2	0
4434	3	2	0
4435	3	2	0
4436	3	2	0
4437	3	2	0
4438	3	2	0
4439	3	2	0
4440	3	2	0
4441	3	2	0
4442	3	2	0
4443	3	2	0
4444	3	2	0
4445	3	2	0
4446	3	2	0
4447	3	2	0
4448	3	2	0
4449	3	2	0
4450	3	2	0
4451	3	2	0
4452	3	2	0
4453	3	2	0
4454	3	2	0
4455	3	2	0
4456	3	2	0
4457	3	2	0
4458	3	2	0
4459	3	2	0
4460	3	2	0
4461	3	2	0
4462	3	2	0
4463	3	2	0
4464	3	2	0
4465	3	2	0
4466	3	2	0
4467	3	2	0
4468	3	2	0
4469	3	2	0
4470	3	2	0
4471	3	2	0
4472	3	2	0
4473	3	2	0
4474	3	2	0
4475	3	2	0
4476	3	2	0
4477	3	2	0
4478	3	2	0
4479	3	2	0
4480	3	2	0
4481	3	2	0
4482	3	2	0
4483	3	2	0
4484	3	2	0
4485	3	2	0
4486	3	2	0
4487	3	2	0
4488	3	2	0
4489	3	2	0
4490	3	2	0
4491	3	2	0
4492	3	2	0
4493	3	2	0
4494	3	2	0
4495	3	2	0
4496	3	2	0
4497	3	2	0
4498	3	2	0
4499	3	2	0
4500	3	2	0
4501	3	2	0
4502	3	2	0
4503	3	2	0
4504	3	2	0
4505	3	2	0
4506	3	2	0
4507	3	2	0
4508	3	2	0
4509	3	2	0
4510	3	2	0
4511	3	2	0
4512	3	2	0
4513	3	2	0
4514	3	2	0
4515	3	2	0
4516	3	2	0
4517	3	2	0
4518	3	2	0
4519	3	2	0
4520	3	2	0
4521	3	2	0
4522	3	2	0
4523	3	2	0
4524	3	2	0
4525	3	2	0
4526	3	2	0
4527	3	2	0
4528	3	2	0
4529	3	2	0
4530	3	2	0
4531	3	2	0
4532	3	2	0
4533	3	2	0
4534	3	2	0
4535	3	2	0
4536	3	2	0
4537	3	2	0
4538	3	2	0
4539	3	2	0
4540	3	2	0
4541	3	2	0
4542	3	2	0
4543	3	2	0
4544	3	2	0
4545	3	2	0
4546	3	2	0
4547	3	2	0
4548	3	2	0
4549	3	2	0
4550	3	2	0
4551	3	2	0
4552	3	2	0
4553	3	2	0
4554	3	2	0
4555	3	2	0
4556	3	2	0
4557	3	2	0
4558	3	2	0
4559	3	2	0
4560	3	2	0
4561	3	2	0
4562	3	2	0
4563	3	2	0
4564	3	2	0
4565	3	2	0
4566	3	2	0
4567	3	2	0
4568	3	2	0
4569	3	2	0
4570	3	2	0
4571	3	2	0
4572	3	2	0
4573	3	2	0
4574	3	2	0
4575	3	2	0
4576	3	2	0
4577	3	2	0
4578	3	2	0
4579	3	2	0
4580	3	2	0
4581	3	2	0
4582	3	2	0
4583	3	2	0
4584	3	2	0
4585	3	2	0
4586	3	2	0
4587	3	2	0
4588	3	2	0
4589	3	2	0
4590	3	2	0
4591	3	2	0
4592	3	2	0
4593	3	2	0
4594	3	2	0
4595	3	2	0
4596	3	2	0
4597	3	2	0
4598	3	2	0
4599	3	2	0
4600	3	2	0
4601	3	2	0
4602	3	2	0
4603	3	2	0
4604	3	2	0
4605	3	2	0
4606	3	2	0
4607	3	2	0
4608	3	2	0
4609	3	2	0
4610	3	2	0
4611	3	2	0
4612	3	2	0
4613	3	2	0
4614	3	2	0
4615	3	2	0
4616	3	2	0
4617	3	2	0
4618	3	2	0
4619	3	2	0
4620	3	2	0
4621	3	2	0
4622	3	2	0
4623	3	2	0
4624	3	2	0
4625	3	2	0
4626	3	2	0
4627	3	2	0
4628	3	2	0
4629	3	2	0
4630	3	2	0
4631	3	2	0
4632	3	2	0
4633	3	2	0
4634	3	2	0
4635	3	2	0
4636	3	2	0
4637	3	2	0
4638	3	2	0
4639	3	2	0
4640	3	2	0
4641	3	2	0
4642	3	2	0
4643	3	2	0
4644	3	2	0
4645	3	2	0
4646	3	2	0
4647	3	2	0
4648	3	2	0
4649	3	2	0
4650	3	2	0
4651	3	2	0
4652	3	2	0
4653	3	2	0
4654	3	2	0
4655	3	2	0
4656	3	2	0
4657	3	2	0
4658	3	2	0
4659	3	2	0
4660	3	2	0
4661	3	2	0
4662	3	2	0
4663	3	2	0
4664	3	2	0
4665	3	2	0
4666	3	2	0
4667	3	2	0
4668	3	2	0
4669	3	2	0
4670	3	2	0
4671	3	2	0
4672	3	2	0
4673	3	2	0
4674	3	2	0
4675	3	2	0
4676	3	2	0
4677	3	2	0
4678	3	2	0
4679	3	2	0
4680	3	2	0
4681	3	2	0
4682	3	2	0
4683	3	2	0
4684	3	2	0
4685	3	2	0
4686	3	2	0
4687	3	2	0
4688	3	2	0
4689	3	2	0
4690	3	2	0
4691	3	2	0
4692	3	2	0
4693	3	2	0
4694	3	2	0
4695	3	2	0
4696	3	2	0
4697	3	2	0
4698	3	2	0
4699	3	2	0
4700	3	2	0
4701	3	2	0
4702	3	2	0
4703	3	2	0
4704	3	2	0
4705	3	2	0
4706	3	2	0
4707	3	2	0
4708	3	2	0
4709	3	2	0
4710	3	2	0
4711	3	2	0
4712	3	2	0
4713	3	2	0
4714	3	2	0
4715	3	2	0
4716	3	2	0
4717	3	2	0
4718	3	2	0
4719	3	2	0
4720	3	2	0
4721	3	2	0
4722	3	2	0
4723	3	2	0
4724	3	2	0
4725	3	2	0
4726	3	2	0
4727	3	2	0
4728	3	2	0
4729	3	2	0
4730	3	2	0
4731	3	2	0
4732	3	2	0
4733	3	2	0
4734	3	2	0
4735	3	2	0
4736	3	2	0
4737	3	2	0
4738	3	2	0
4739	3	2	0
4740	3	2	0
4741	3	2	0
4742	3	2	0
4743	3	2	0
4744	3	2	0
4745	3	2	0
4746	3	2	0
4747	3	2	0
4748	3	2	0
4749	3	2	0
4750	3	2	0
4751	3	2	0
4752	3	2	0
4753	3	2	0
4754	3	2	0
4755	3	2	0
4756	3	2	0
4757	3	2	0
4758	3	2	0
4759	3	2	0
4760	3	2	0
4761	3	2	0
4762	3	2	0
4763	3	2	0
4764	3	2	0
4765	3	2	0
4766	3	2	0
4767	3	2	0
4768	3	2	0
4769	3	2	0
4770	3	2	0
4771	3	2	0
4772	3	2	0
4773	3	2	0
4774	3	2	0
4775	3	2	0
4776	3	2	0
4777	3	2	0
4778	3	2	0
4779	3	2	0
4780	3	2	0
4781	3	2	0
4782	3	2	0
4783	3	2	0
4784	3	2	0
4785	3	2	0
4786	3	2	0
4787	3	2	0
4788	3	2	0
4789	3	2	0
4790	3	2	0
4791	3	2	0
4792	3	2	0
4793	3	2	0
4794	3	2	0
4795	3	2	0
4796	3	2	0
4797	3	2	0
4798	3	2	0
4799	3	2	0
4800	3	2	0
4801	3	2	0
4802	3	2	0
4803	3	2	0
4804	3	2	0
4805	3	2	0
4806	3	2	0
4807	3	2	0
4808	3	2	0
4809	3	2	0
4810	3	2	0
4811	3	2	0
4812	3	2	0
4813	3	2	0
4814	3	2	0
4815	3	2	0
4816	3	2	0
4817	3	2	0
4818	3	2	0
4819	3	2	0
4820	3	2	0
4821	3	2	0
4822	3	2	0
4823	3	2	0
4824	3	2	0
4825	3	2	0
4826	3	2	0
4827	3	2	0
4828	3	2	0
4829	3	2	0
4830	3	2	0
4831	3	2	0
4832	3	2	0
4833	3	2	0
4834	3	2	0
4835	3	2	0
4836	3	2	0
4837	3	2	0
4838	3	2	0
4839	3	2	0
4840	3	2	0
4841	3	2	0
4842	3	2	0
4843	3	2	0
4844	3	2	0
4845	3	2	0
4846	3	2	0
4847	3	2	0
4848	3	2	0
4849	3	2	0
4850	3	2	0
4851	3	2	0
4852	3	2	0
4853	3	2	0
4854	3	2	0
4855	3	2	0
4856	3	2	0
4857	3	2	0
4858	3	2	0
4859	3	2	0
4860	3	2	0
4861	3	2	0
4862	3	2	0
4863	3	2	0
4864	3	2	0
4865	3	2	0
4866	3	2	0
4867	3	2	0
4868	3	2	0
4869	3	2	0
4870	3	2	0
4871	3	2	0
4872	3	2	0
4873	3	2	0
4874	3	2	0
4875	3	2	0
4876	3	2	0
4877	3	2	0
4878	3	2	0
4879	3	2	0
4880	3	2	0
4881	3	2	0
4882	3	2	0
4883	3	2	0
4884	3	2	0
4885	3	2	0
4886	3	2	0
4887	3	2	0
4888	3	2	0
4889	3	2	0
4890	3	2	0
4891	3	2	0
4892	3	2	0
4893	3	2	0
4894	3	2	0
4895	3	2	0
4896	3	2	0
4897	3	2	0
4898	3	2	0
4899	3	2	0
4900	3	2	0
4901	3	2	0
4902	3	2	0
4903	3	2	0
4904	3	2	0
4905	3	2	0
4906	3	2	0
4907	3	2	0
4908	3	2	0
4909	3	2	0
4910	3	2	0
4911	3	2	0
4912	3	2	0
4913	3	2	0
4914	3	2	0
4915	3	2	0
4916	3	2	0
4917	3	2	0
4918	3	2	0
4919	3	2	0
4920	3	2	0
4921	3	2	0
4922	3	2	0
4923	3	2	0
4924	3	2	0
4925	3	2	0
4926	3	2	0
4927	3	2	0
4928	3	2	0
4929	3	2	0
4930	3	2	0
4931	3	2	0
4932	3	2	0
4933	3	2	0
4934	3	2	0
4935	3	2	0
4936	3	2	0
4937	3	2	0
4938	3	2	0
4939	3	2	0
4940	3	2	0
4941	3	2	0
4942	3	2	0
4943	3	2	0
4944	3	2	0
4945	3	2	0
4946	3	2	0
4947	3	2	0
4948	3	2	0
4949	3	2	0
4950	3	2	0
4951	3	2	0
4952	3	2	0
4953	3	2	0
4954	3	2	0
4955	3	2	0
4956	3	2	0
4957	3	2	0
4958	3	2	0
4959	3	2	0
4960	3	2	0
4961	3	2	0
4962	3	2	0
4963	3	2	0
4964	3	2	0
4965	3	2	0
4966	3	2	0
4967	3	2	0
4968	3	2	0
4969	3	2	0
4970	3	2	0
4971	3	2	0
4972	3	2	0
4973	3	2	0
4974	3	2	0
4975	3	2	0
4976	3	2	0
4977	3	2	0
4978	3	2	0
4979	3	2	0
4980	3	2	0
4981	3	2	0
4982	3	2	0
4983	3	2	0
4984	3	2	0
4985	3	2	0
4986	3	2	0
4987	3	2	0
4988	3	2	0
4989	3	2	0
4990	3	2	0
4991	3	2	0
4992	3	2	0
4993	3	2	0
4994	3	2	0
4995	3	2	0
4996	3	2	0
4997	3	2	0
4998	3	2	0
4999	3	2	0
